1640761971
4023660243
5648104037
1505482144
6218876357
1389477474
1576004673
1945059971
1941078525
2103464672
2084687711
1918247480
1580480525
1940246250
1966247722
1495926480
2008957394
1529636671
2121282917
1967387877
1754718662
2044907920
1645482589
1787300063
1250958919
1125201982
1461165104
1488186104
1556462297
1338432416
1507407790
1996581359
1774602204
1716734469
1829547918
1905354051
1700236540
1795800753
1779842038
321732015
1276809638
1564564164
1525858587
1704411530
1467745487
2004082769
2072931059
1694054858
915167707
1574457322
2082103285
2074085747
1954664744
1545925237
361368661
1432624735
1697744749
1533695974
1526302747
1571546855
1400750252
1412960490
2063405160
1916494261
1979855630
1516175168
1965823379
1798685796
1603017508
1501158287
2096960773
719956007
1179279823
1104498641
2092615240
1662402762
1825448715
1592104617
2014608142
1908929772
1781309649
1991496533
1232344322
1690604951
2030148088
1830805081
1422908169
2120678028
1339102081
1512936941
2057640299
1991408068
1700717425
1972201909
1683623834
2012202212
1442470375
1133992691
1972252290
1922129152
1743992785
1978184127
2024662098
2061892334
1950166773
1383652574
1787398322
1321429581
1725194170
1357032234
624878950
1900692645
1989814227
2043872861
1463394639
1913875616
1533930318
1119819183
2127304812
1681767725
1699364608
1754888389
1245819406
1645248645
1368329855
1933281934
1757556726
1940705372
1900979065
1613667516
2124656118
1932663026
1608674238
1704134419
2012529465
1824315222
1770190597
1906060607
1695648687
1528146457
1781187070
2063365056
1697745113
1683469436
1994646442
1444848324
2061334712
540697574
1936485650
1699690529
1527612446
2088488293
1560167603
1979679599
1787145889
1982523931
954440610
525592020
1717236312
1491329536
1370233950
1659781609
1621934111
1652143521
2056825795
491592256
687453950
1617968395
2082043324
2080905126
1835582023
327765213
2130921461
1713526282
1909784720
1218346948
1768488146
1524663737
2122123341
2091720572
1779420192
1522668680
1977738752
1947798440
1588939648
1437568932
1957305773
1932159250
1777381797
2135285511
1605907897
2101791035
2106160534
2017253285
2044205731
2035800958
1337110598
1561621964
2093801102
601574214
1813807958
2101689692
2094948223
2045402679
2059806105
1716629535
1788291813
2046993924
1323501846
2033659523
1218248005
1533577444
1933757261
1900170649
1279562103
2114465348
1806516229
2122990617
1959671872
1799510040
2126160630
1697353544
1976590561
2085350571
1593049095
1612332955
736654053
2078548752
2119685339
2112569936
1959686769
1666697896
1996201821
1578056529
1947818776
1428899852
1662165303
2022075150
1336535841
1514340138
1724664287
1797279383
1109571752
1119227746
2134816447
1835867340
297174982
1687848176
1736823700
1435226685
1500091491
1437171196
1548210540
1547444428
2050825436
1090484252
1376185165
1713156846
1996850093
1716457699
2091228442
1421213613
1789014083
692334753
191035085
2116974721
2064879679
1664788507
1639521255
1631473911
1542090910
2100459685
651213824
1772256533
1724576124
2109026189
2121426633
2026114675
1684164827
1471555345
1208396834
1533769937
1742124124
2015817055
1921668048
2124927243
2138869190
2049679698
1766277454
1645315378
2036121629
1400316476
905631064
2002613975
1763937427
1957828703
2047789178
1421394380
1663754805
1799531340
1938059115
1543178466
1815555802
1530997677
1020953067
1473555612
1733955943
1701368429
1967426076
1411651278
2026626595
1411748561
610098143
1994612623
41932351
1547104227
1798495012
1510468700
719800925
1955402071
1490465516
1505304837
1966103324
2027400140
2107320456
1805842544
1833756107
1416131678
1791447514
2043822026
1787377714
2095612662
1552994877
1956913598
1937837892
1774871769
2041714952
391662267
1789741626
1777562780
1935317309
1902590839
1794006177
1574788657
2114237433
2075764119
1560703137
2112596345
1604418896
1554321041
1979608273
1954970981
1788648066
1628322292
2112150881
1652279569
2037754246
2075618049
1788819361
1463253158
1472951664
1958202313
1607051609
1492360810
1587547545
2121041370
2092437691
1595399429
1499573503
1992977859
2050227196
1697404825
2109837853
1557097432
1667151678
1441300844
1648151247
1472459499
2038156388
1541006506
2041690508
1423098939
1920040235
2102601517
1960575018
1614490950
1718013923
1394713218
1523352920
1567390778
2136214360
1484868761
1493157112
2137428562
1666559019
1981440815
2023810323
2047772990
2064940033
2024223820
2043015310
1678132203
2031008272
2101381889
2009275320
2036221189
1720711484
1961705485
1426385138
408743972
1307645068
1557242751
1337613191
1267099929
1921844233
2029817447
1290010392
1969679894
2024615489
1717256062
1703080579
1779021890
1755267145
2081316196
1701996498
2062635738
2029245732
2063784123
2052243289
1963294369
1803946869
1761847194
1649523623
1999740678
1971027488
1680892377
2009018571
2031267112
1023726057
2009228846
674233834
1494707229
1903814025
2133446654
1997829210
2037799628
2018898240
2030924006
2046898270
1467835022
1954215282
1922642896
1258365905
1489675529
1479284956
2074898198
1682753640
2042134705
2116240685
1922457247
2116630025
1472414504
1903046139
1496658634
1475861466
2138141241
1813747264
1442210794
2103431792
1953031292
1700891055
1951333876
1697799770
1806073240
742350862
2048608294
2102575429
1837781134
1978471808
560634655
1210911961
1646628616
1643153805
1526265787
2090244793
967508249
2080242970
1935000729
1418677820
1286197873
1636775133
1236622614
389820582
1802138708
1816359449
2096063483
1553199506
1836075266
1649394024
1475200478
5201918
1578273729
2028932349
2084236143
1352128901
1695973434
1565920199
1305804579
2107823653
2062940438
1682450288
1350493455
747163131
2053741526
748323578
2137396650
2070847104
2002894707
1607443052
2036071761
1421439325
1811806328
1704349060
1528120382
34005271
1599607420
2038624526
2114938314
2098649257
2075266982
1515664748
1570324824
1073018962
2102017031
699121299
1948634747
2123801535
2014945942
1457715845
487226039
1621812104
2033413375
1696683233
755941386
2135003018
1657416850
1699783115
1933414478
1929454019
1639965133
2111441198
2135342582
1904592006
1763702301
1609322228
1613416252
2062235891
1557163002
1577981615
1490265727
449865537
1917209518
1737961182
2051853229
2085829066
2129847140
1650582726
1563585664
2035852425
2094629791
2033052651
1085149751
1690770689
2074232440
2138655466
2119379239
2014252037
1678844126
2054801107
1939394137
1992654130
2123850244
2133357948
1993452001
1649861122
1939054146
1707569213
2119048868
2089836902
447827572
1998240960
2024979531
2115452212
637267214
2111750604
2109856258
1655167663
1496277576
1946606173
2095020773
1927775080
2134222160
2078607823
1645475510
1251160392
1696525095
2060645894
1604518122
1985290357
2024658914
1942241773
1427464983
1916226228
1137390640
1907856367
1181981667
2131042293
1963446760
1973324067
2047420161
1921046390
2015846485
1417425922
2052660549
1603022874
1518307865
2063824361
1707414688
1466681653
2034252190
1927447269
2110412040
1691861858
1537841563
1973861734
2119801713
1916665670
1981065724
2132656132
2092990498
1497625916
1292463871
1041054118
1489741500
1267124490
2046663817
1969065828
1926662633
1937724155
1936999435
1980609673
1962232270
1677603664
2006525060
1372026483
1422403393
1997072613
1682699646
1916912238
1781270704
1604560374
1736181004
1929303274
1941879931
1608984209
1720940614
2024275105
1817352374
1009999794
2018547680
1989422351
1922251778
1454840832
1628924917
2112083930
1623279970
2051883555
1929886130
1798008622
2129775961
1437415712
2105711907
1393043731
1467504375
1581607690
1674159955
1910689687
1925889625
1910024044
2002226850
1965082898
2085082006
2082610468
2130635854
1126689805
2059434666
1966293798
1979477371
964840319
2041078251
1526374574
1900278716
2045887940
2069314958
2056680890
1417716763
1405679395
2136804769
1709864504
1683778440
1971461900
1983084800
1596949868
1633917903
1664555759
2120285178
1495470694
1573856493
1240425188
1799567190
1455183705
2119844454
2117797362
2086446607
1228133537
1981351836
1708232779
2109269532
1529527158
1958639127
1608895765
1493852070
2096695193
1928295428
2003478647
2099895270
2053095250
2078040953
1905627114
1431580132
1834922483
1594792139
2101081675
468699893
1550210717
2068270676
2053486519
2017031109
2114272877
2039812114
2002913846
1315454413
1488726112
1130523653
2010903226
1539058060
1564426319
2101475743
1778017442
1955907189
1983333792
1926631214
1901019149
2047505212
2072697959
2136193998
2105824363
1998938415
2061742044
1474175029
2017661027
2110294913
2125053795
1702582046
1975047272
1973875296
1999912420
2066841973
2107114148
2084244139
1903871855
1798797495
1506478558
1473682723
1952016204
1980301054
2062711954
1969519853
2002887615
1904198088
2003509792
1752848316
1967740008
2051814734
1026006138
2113041438
1938466306
1710605159
1982010538
1937529933
2098730497
2031489389
2029251379
1483655178
1585829682
1597435888
1437226383
1812288394
2105393962
1501611429
2090933933
1913444427
1916737850
1920903031
1641338708
2074739111
2040947249
1988343421
2015107609
1669190703
2073539298
1902346871
2028163309
1738775532
2110675914
2095942860
1449216023
1584521320
1714857083
2046243718
1530617735
1979158357
2093518628
1985965669
1502562963
1077897247
2084369702
1916753651
1968702808
1683746668
1953775831
2019917552
2125574531
1989120403
2028963994
1574485894
2049145143
1709324344
1964372001
2116359743
1988556385
2141816276
1308527293
1822211858
872378706
325682617
1476385987
2012882257
1490825769
1709180014
1507106775
2022778327
2154979870
1567836311
1991279447
1934545834
2153033906
1579450750
2158755176
2137518371
2159488732
2155126259
1915500657
2158746279
1943359694
1946534498
1333900421
1497589212
2165214699
2113927781
1781019200
2054843252
2141711601
2114346811
1687642602
1442741087
2099770341
2098041394
1286117735
1812362295
2155129313
2172299217
2157156043
1959934765
2102594157
1944616258
2173017861
1929023175
2167444776
1351465611
1958732059
1530734180
2129632710
2154262243
1915169981
1990982920
2011528499
1812801597
2108086091
340180948
1499340698
2109566174
1675138325
2188496340
2153613083
1984837830
2154757577
2104493960
2191661355
2148472469
1956005989
2200753806
2166811904
2135694707
2024891556
1976921964
1497165871
2203708039
2204500640
2008638996
1798279042
1966229656
1202231174
1442803565
1654243672
2209966715
1941305973
1678645276
1833881000
1816108982
1646776887
1271008235
1906348754
2211327144
2219213474
1553243933
2028846273
1634998923
1776721129
2225765226
2139366473
1799575359
1906620765
2215173058
1795378170
2172878975
799111686
1524843643
1357644386
2225553897
2154981037
2237184814
1906720043
2240163122
2240723720
1711737739
2238145562
2237036385
2219080205
1983245803
1527153542
2247587262
2209393351
2245356300
2253524168
2233792283
1558660527
2254857426
2165592312
651778311
2235030957
2246811120
2205204404
1211241546
2259757700
2260403780
2025502373
2249511364
2144699899
2072338314
2255886009
2054892289
1948938592
2257781018
2166317809
2268354091
1911408118
1651364411
1724964129
2271925525
1618794570
1916820849
2243450453
2074703259
2269506086
2275057515
2272199276
2223956760
2021428860
1236823347
2269812485
2135665604
2265532221
1989663843
2166306446
1770395249
2151217600
2018129168
1486516523
2239924686
1562621813
2291699710
2129958006
2265890156
2186834932
2263292347
2291715068
2242711384
2267742733
2226345665
1462396356
2227190075
2215008468
2139767734
1137364756
2308015128
2303208437
1721133185
2182335904
2108607700
2321800969
2327982705
2262946879
2332941661
2308255181
1905360113
1160785853
728108471
2165091167
2062661820
1935502963
1475710606
1503866535
2482520346
1589333128
1772583607
2255362846
2351837862
2459685189
2265190399
1719302750
2314191578
2548792874
2628815233
1681674415
1803115402
1937875205
1737509166
2777111553
2693770023
2021939273
2879158500
1945385926
2357670390
2864574782
2982187001
2982628595
2883830094
210504156
2328257990
2108205585
2882922501
1566570006
2905529837
2327924296
2988300339
2001319234
2278943582
2938198984
3004198465
2343621616
3025667745
1531452197
1934820677
2215575539
2247351713
2107574851
2120501048
3071263628
1154905931
2183114047
3088030189
2139007245
1618258997
3100222229
3072411198
2075336480
3019792462
3052771719
3045462843
2006212379
3074003825
3032425089
2001394620
2207268469
1431749535
2710519553
3047499407
3090881832
1296221894
3170575512
2272189918
1922221048
2931498738
3186969640
612161508
2966250404
3022892424
3219904969
2101348705
2255127013
3109918768
3168260729
3235107983
2009369682
3180341354
3238570747
1385757427
2164065642
3222604662
3058940977
3114265223
3140938142
1790354184
2377063381
3256888494
1141805331
1796508303
3292033663
3045729190
827018194
3297324664
613441071
2254651539
3315898739
1999640774
1588591672
2990874714
2234731144
3041807832
3223669492
3216870685
2992410310
1542105844
2893874683
1917276248
3307042624
3309167612
3409837032
626289024
2011902474
1994622057
2974556704
3469582825
3171578881
3453006657
1782648789
3288553032
2359362203
2261753393
3297718372
2127453356
798947697
3444472487
3240067655
3211531706
3559695199
2241525041
3126752308
3077338615
3316566804
2198916391
3068632054
3083169697
3646846995
3083087751
3646651417
927669931
3441314285
3690266434
2077895896
2227638780
1699701979
3645257484
3310915986
2113272138
2908767665
3897040567
1795854502
3223054028
2120672329
3047301023
3925697145
3848105829
2296939306
3881217415
3938692745
2090948665
3168033208
3422530229
520911613
3676015662
3967985982
3954416637
3323495969
1972752928
3076886116
3590167239
1777264190
3965410612
3685739434
3044995184
3547073588
3615405242
3308853688
3767249283
2222664408
2214155675
3672816876
1664032961
3950517747
3047144045
1558507132
3724818105
1784085383
1552500349
2970876026
3958966796
1662287849
3971808842
4034089025
4011649419
3993360074
4009484027
3985005637
4059154596
653140816
4058523523
4047752247
1360526215
4022222840
4009339686
3962251850
1982543000
2302593968
4072636231
1989331816
3807730557
3963127974
4056253664
3103107826
3266503499
1123823628
4089700466
4106102493
2295284036
1820471834
2031570352
3242256894
2405165041
2171147450
1979632844
2100525468
4058136902
3500293848
3429092369
3117996071
2097335954
3545486040
4092519576
3179826664
3189915351
1524301006
3991804594
3544617960
3929364783
4083380652
3685652904
3745176017
4097704302
3063513725
2305791253
3195007778
3477006603
4184568115
4176859477
3300684546
3805808809
1477081108
3657005466
2954536723
2325061542
3988946571
4162465904
1808939074
1620359579
3114057048
4100313694
4129542676
3682732276
3130858506
3246796142
2513368002
3128684079
2216401553
2233952405
1755161201
2325182916
2236640175
3965461564
4111544335
3979356533
4078634297
3600746381
3572771481
3885735723
3551852045
3076128813
2933901670
4099802203
1812785883
3668897964
1941037741
4244882046
4227534775
4191818662
3600611624
3425676291
3268726604
4246809937
3020559568
3010562081
4271431328
4037205000
1924134799
3591527686
1367037219
3436709042
4157388636
4297757304
1296750876
4288270748
1976200743
534727145
2257533064
1825219531
3048655459
4366025146
2438423083
3882831944
4010021376
2306089104
4385060887
4341267800
3660502408
4037333465
2884940347
4398869605
4256345287
4561961497
1548544710
4552933111
2004333300
4170013250
1306317519
4579475858
4579270777
1719899733
2270716257
2035732820
2074730245
4730949667
2306974243
4768390014
4756725537
1328693328
4080380010
4556145307
4658821402
4865129302
3660073739
3310588950
2227089265
4544636952
3907433766
4918026146
4847840049
4937262629
4606771488
3572061451
1521880383
4539218523
3553223999
1682636809
1826692809
4672950122
673171091
415208844
1172630821
494663990
4658453434
1562059376
2167231144
4203310569
4236743248
3550321351
5067682805
1716502994
1283886032
1655637510
5425600771
1812782665
4474220940
3936940343
1473509998
5469861940
4525742301
4343552259
1573547266
5374243185
3604342270
1630352556
1953005905
4045331448
5561389873
4173776888
4716125636
3307556984
3293459201
5370272155
5632077240
2357297873
1516217841
4209118630
5672491443
4992778421
2250325544
5683789849
3405544389
1472156009
5564240135
5489002318
5641139888
4976227121
5723699709
5503798747
1827364997
4472878711
5618239620
5676425133
3401752661
3174526700
5828983277
1640275279
5818826039
4780715728
5635266368
1591478523
5342162686
5855719786
5807222369
5865209428
5837943630
5724601963
411456175
5690889038
4736523002
5952074566
5930957639
3693871465
5965043706
5976363768
2190337353
5946528405
2089126031
6006271737
6009232873
5620795019
5960218346
6076663009
5675761119
1548455087
5847626168
2985525793
4106495654
4224877513
4887089494
6038855098
5599395210
5563371147
6117715917
6243950176
6251414902
4077837796
1274958621
6305453565
6323825592
6275716713
6309667750
2379850868
4993699415
5348619149
6286587483
268976019
1030700870
1012839647
1469115910
348103860
267927589
1541899584
835006069
644661882
332060006
322991902
481900893
1569736976
1215698556
510602726
468110682
237112307
2077062583
225909238
197794151
1466761639
390910777
1358781359
1915748880
470840016
1401990109
222947587
586098629
1144990026
270893826
300915302
279130883
1946854904
1441550519
465682255
2200697283
560107706
533148909
547455357
1168539142
473997788
1061364735
1937782110
1374015749
323286422
192258679
315561818
925304238
1155991667
1575060217
1713187680
241009557
273295282
1968902885
1635550823
294404398
274387872
791673189
1392273846
1403807048
262768197
174010764
1709506534
358896077
322584672
494060843
526588042
483087119
562988250
283012661
1621985947
982194277
425942292
767706869
637961211
279762585
391356388
2035648704
381347998
1347714811
1503261444
506601296
321048699
1909146044
290252494
372631351
1222338347
463852971
639515900
528188550
1324070930
1574552148
1168237320
313538375
272225894
261852002
1935455691
1442690525
338262101
1371818924
431503706
2039862866
1468133277
1418298969
26160712
1432696387
647103672
634668346
586466183
307461028
1300880494
969941229
1391828815
957205713
466997879
436199449
1319936339
901882104
506754975
1246180160
231241047
1250901305
456777433
398717378
1969339846
294473565
322252374
1938919174
1466856319
494404678
762391855
323244373
284331381
542257108
1412693113
1580397009
282782903
1164846755
1175925901
1730495566
1704132976
294961380
575984609
1818863110
13720186
1475787454
540848435
44507105
643043725
967666505
1504901038
919704363
555375916
1624215606
1489294279
1309335450
370909050
1607611204
993019652
631325859
1236690225
1598878116
1440559716
25298191
294459095
289036033
606265755
223023185
365621527
328990611
1561222224
53625067
488988968
1426089674
1402050514
893054315
496670045
982243370
321969215
1221918194
1272010022
1058505389
1480035818
1484754585
1487281847
457795248
351225874
199165744
561694795
683610201
1315012006
1194906459
1585995913
303609069
1124156012
1512087258
1511156180
1387949064
2030766452
610029021
1376222709
419159716
2072108083
326388503
267661904
499442848
544188567
468208624
1484570890
1448410538
500870009
1992869842
332770838
1538349961
280719717
494070274
1621254887
378626894
293145408
996732289
389261816
2131732548
1412366455
1413543186
913886041
429065932
402505330
1290823379
2129785352
422885480
1496213609
489354205
1938807500
417828447
1390854818
1422256088
705530297
1121831921
875073408
1961352633
231633162
292535918
872635539
371011822
280710601
1902490907
1240359559
272155708
577642959
568715640
453718056
1239845980
914158206
283760895
419557491
12460668
2128521618
2197699932
553773185
1513133579
579406593
593256099
1641508515
484663362
2159219780
462649883
421300822
272404371
1688698447
1417479436
456561688
1112495867
1802132478
550710118
1396194438
314028527
893025000
1035759182
304698874
2046552986
2077927283
642946367
1371099474
888245277
1920665831
778053335
246638560
519557071
981810720
1604414697
722625005
737212825
271294300
1184659478
260815059
1156201811
285751135
2188710848
144466276
738816622
1610904581
823600494
1587540858
299857938
288712188
613429241
1492731595
1982778000
1211057088
742444932
1688063441
1216383465
1500236439
827029701
248950774
322266776
574176153
546187722
1098991102
1367067815
860984079
563058937
433182453
1115524332
364925736
527112316
511222649
1583431880
1490391899
439134086
1638583760
1725129479
615742154
2122109933
619068726
270751148
1159588994
1260844410
440636296
1121037599
352323768
328870908
584602910
1500874518
268978074
1627905680
1336285266
263352871
400075447
323289395
422600628
429752915
679880555
392415255
1396086170
396451569
1058355817
1051886373
318803827
2025605276
302752902
487152382
351462307
513145743
574503720
420629846
452398657
412628019
854466438
1436138411
758146628
1453389057
1205049517
423081988
340859166
602712611
985949115
1401770141
298550856
1661646430
279444533
1974125557
747828291
1579114085
2037644425
599390237
782011354
1627828767
1587211266
1553236645
287252909
174435301
651567074
366068172
1608690605
299617869
248536396
322477730
330416181
2019798599
337040219
1633941357
312689687
1670581299
1313708002
546135691
1322411575
1529402035
313841058
316871707
2118746729
1345068691
1248269853
1819077251
1096478522
1459671979
332638051
1641071550
757339534
208843261
1244888700
464962818
1052368027
1145552954
781572643
1387619486
319640858
327633759
470086301
200921456
507860446
375050641
542928681
699175491
245109961
1365161177
2188808962
264257573
556650497
1581531773
319190714
762029723
215031631
1449742658
466451815
1338986414
189289770
2066469012
412021043
271720033
1477419071
173711376
606581623
230585200
1358996639
219045183
386941057
969689587
1421002763
360687948
216737452
312639966
630249554
1477536412
281386138
238278183
323292975
1254208165
992776296
25314679
263264834
950094110
608845753
203896975
308768655
554684820
396743519
280615085
1924274521
531613127
1422406559
560726699
2046696449
1300401673
1121673610
396212749
457498828
1352547873
337840351
1545923766
43123508
250588767
1478079217
362892920
1648802986
904546245
960754991
889593204
1670726161
453727860
799325958
490600737
241963415
550512563
569099969
2215370306
985849159
221167332
35613497
341033284
576015060
1475013083
508620626
518936010
1367108901
284226879
365665161
2207602150
1481866229
903327645
311263810
269536153
285017376
736885872
1647031538
296062011
506408660
359879177
683977389
599819953
1284989204
1332313393
325302509
280065434
306728159
1377465365
2188686529
469880542
591326167
594359206
1439083655
1498888629
1509997089
287446230
1645779816
334454431
546040552
1271513161
32758746
1692920915
336047336
1292246901
520767708
1439420133
1020739808
1720433827
2170563564
1412614545
644237320
558825366
274421793
361211525
1476037252
1539462540
1423937213
486488474
399914753
554752773
1370111532
212123627
342643576
582924273
898573678
788992325
1327782643
267975348
1479886906
281315734
1923430917
1386733250
567801721
475020132
1326198008
1808606103
996415416
365500769
510360544
1279465986
1352786233
215347804
186885212
289135693
342705725
514802086
686850307
1571519557
1962226639
327487559
737721071
298608350
790765599
1365434918
1237326708
1534376404
581103958
705988090
1659697344
349147426
342818479
196674012
297045625
237787752
221357822
1491709797
304000525
297354526
287319670
278634007
287228082
302810277
1117801267
1587264780
394909516
1501943993
1445113538
415526201
595959019
271319095
218170372
1576033865
1024814331
1343517533
523680819
491524291
414408492
1478207942
252651450
1462967374
2116602908
1446081183
1337253416
31825027
1960309896
1114854515
284338540
1424923365
289674745
312209433
301844188
384494759
1764332175
17779472
1322040821
1212290025
370421852
1381712902
240142739
1506210681
357393473
380075378
1941792308
782464594
300636443
238346926
1364936699
40870767
1431713412
216396623
403866027
288510692
2092241745
1780068006
685604349
320614912
921441163
932817607
621749358
1725071172
555339456
1985287824
285571701
269935284
24048475
966353209
703038621
1571284782
453733505
634774546
343171632
1582037213
429568277
313230265
1511099946
571243450
248633962
964090871
299235095
1338470974
277013360
2108636318
838537468
1758855278
279046450
929980289
1243150230
406633844
289012850
2140274470
651164544
1432062585
1487174693
478149405
357957871
41642382
2040111852
1540418800
503801478
1569808468
1537935096
259282985
478647661
1541666718
2133803500
197241677
408789722
676056576
1389712312
1639751497
1915498761
2219258875
306032402
448785257
264385227
1286056084
476279536
232184214
461687676
1379338394
272697441
2038581596
272143960
34146881
602836854
369264295
205994058
255138287
1493858606
805329949
971212918
795494911
1070074231
915455744
1166409363
1234794110
750622855
628760109
1626424910
1480138653
1297971230
2123462351
23553893
1181188384
264808850
1428586602
1084276814
1780958632
613585113
1483479991
1422994074
287372796
1237182358
351428620
397548837
269514909
305548113
262939310
1797721716
457016404
691147066
1487143791
1401802067
2215913299
1426706410
1426831867
520993246
1080823858
967887296
447812815
197676168
895783457
489907643
282143156
1342105099
419419624
1648215068
1024509947
1254391428
2029336323
2080944989
2054672981
680746196
1476766634
400047022
1345122882
394958098
1923618794
2147989832
1723431724
2096708957
567877579
1734940385
320989568
564205875
255154429
1222024028
290152143
357135048
424887266
324659873
498744949
42490756
1139884214
286947772
1290973055
242348550
1962473068
508015070
273405615
1149134283
760895608
258223835
195514063
246558814
2050075232
214618524
255224241
966173428
1413075603
424787193
232150447
461466706
1498536749
1508047855
1818923863
477753443
49979361
1103591976
1508133068
304882399
1723362222
447914788
2061407892
352290961
247782081
318061089
1448397353
204860762
1632276735
469852394
1202264195
413242935
26905138
1422583175
321825378
1192080611
495325390
359728796
178865247
1033605132
224981092
701654338
1394867841
1643967708
484703081
348799804
316338078
336250566
1909132811
318254214
1263686268
1052400735
379368319
1152160488
1619271421
221256338
1101209830
1517063684
492988494
206029712
12856320
1909170074
290723505
587615557
327677885
39525122
1094227310
28732437
1755692506
1476984168
430893728
1013406809
392145724
2067844481
367288905
1275423463
1239312364
420619496
330324294
54803137
542556794
178480288
1964130329
31848661
943879270
483804214
973547841
1410978832
2016609490
357124320
336992787
1319332397
352178770
281512350
419614089
1086750574
1383522105
1482001468
1470554803
1357082675
893755300
1756362246
1277316966
407645993
206656607
294319566
1463978171
491373169
644370109
1901456390
1971048992
1476010207
1269539180
536561597
269541111
1231768931
215274171
353705507
294820290
1292629308
645441031
1253471881
2056189487
314694520
271409823
291800136
595663221
505052863
443312829
840231184
1479205392
351767036
1953053506
25566402
1646888221
412022981
208375924
1326295865
1443539403
502678701
1518170519
2203170310
561829667
524852668
605039568
487407031
408041861
716829221
644904279
314239840
555507272
1476839817
644638254
287256382
1563338386
213970547
401233498
609818866
1243324408
1407734752
480804250
281469435
660021968
321726461
295729938
1175336280
293273982
1798592768
978521936
1069576085
1820429085
634900701
823983210
391252913
349953282
661791127
1584957016
525555145
1411800296
359464545
1101879394
306221432
247157067
1601032085
1284376351
503481201
344550476
1318243922
1261161973
1414055254
1024270466
1474969809
601864350
240531753
42749714
922125066
293251119
415149538
1438271012
474016634
1321656237
687974491
513516045
339442156
1637109913
478337206
1323379772
1604346615
916705324
1735271770
371150636
335522899
1478938801
1476441933
527969378
294310216
1808117733
468412996
329542635
1433822847
1536552664
299316180
1027839740
654111728
1948912449
306841392
250988582
1333050054
476033572
548712222
268409265
439699111
577192394
409958170
702594698
22138907
339140010
45902834
1630632539
426549727
242717321
1986586354
942373531
985656220
307738350
431001019
411749611
564045797
630353309
193042863
1073034528
369379406
1104967247
177042844
214134013
284336491
248595484
399315115
1399057904
1714302760
306092864
736413307
1104401488
606875647
2125075619
2042274148
276069319
996231627
335393083
1452228177
299675061
355337549
1270204560
1707489750
1391921119
896834713
1066396733
283649478
697051826
214983750
308065895
1142568868
898308384
1772173781
1469000551
705031487
402116186
1321923997
1552433636
1964053166
1008585414
466732173
1273403980
253635653
247899296
1556075518
427528400
416606643
397629387
607414663
341129835
1488172931
1479886218
938295904
1498777928
1019264077
360691090
1459472886
364183333
1810523212
1434864534
1288717052
292564760
293765291
225107909
1356984537
1563909199
288007545
1048854474
309573966
555407883
573731653
1215735243
516267784
1283204679
410253048
281637600
2157384731
1528275135
1549713623
1133863495
273543282
1323827481
365756732
237420779
505780173
1444424993
574525705
395336557
1169461696
283419018
1114538990
189416418
406057332
252657580
400729946
1784619515
185283928
375562944
394035941
393425814
403038968
1017723678
824889680
1388105779
1552932502
549243052
247587513
1068930830
367120034
385966825
295606857
595421501
260404702
1284616634
1609001847
1622443984
271278547
308686755
2125753782
1403707045
1589184182
676579728
1743966259
1277732602
1497308115
311461219
1686877992
302914278
534061734
19746177
366432229
1428732518
181360949
287320141
1364849731
214970729
208895945
765495940
318017210
247757309
267554318
855628325
284819534
1480939106
676634422
1540382133
2135558883
353924847
397025220
359049387
1098156261
316101235
491971945
388502493
296098450
407748573
1182086814
342803776
1281492679
687843375
482167172
286664540
299911920
1941119022
2009120386
335648175
372925176
995722244
812074630
1362921721
1595824881
1029585818
1604843333
1082704391
702368549
1504147011
10473021
606457018
729206035
2022263052
34570460
362599201
297565885
1760539038
230544651
649393100
1317606152
319641694
275128554
1601858247
1278208516
704911173
304766207
40911464
277037988
275232340
323055358
297313642
1082566990
1027807094
224797871
1484792254
1656498329
467688340
296887334
279907955
624584335
229257521
520376033
1417845430
547855869
223900128
55174849
2209976596
320603569
273524480
1127633845
336843300
247690927
381271309
8688917
261721227
211307289
722389404
189803561
43187576
1041706388
335362753
14482185
1604566386
399858634
617220402
286733933
25880325
251631180
1520804618
432762690
635001156
937651060
1631443974
1754243376
1178011481
1198272492
281144622
1186974328
2135077734
271532069
379509364
1400367247
501028327
255538331
417783196
251800487
721467053
182505213
1310757111
1465386789
861840292
1552333397
364695108
1951098719
1359153524
1292771444
1251312313
352521011
515578011
599017334
1059117672
468053747
261244572
678042850
2189879408
1394844543
2095817385
20923534
1255142280
1377988332
1237166294
1245470442
279049269
1510301062
964254764
271751642
1490576374
1577888681
1921616576
1378329806
582451021
341159152
1629728134
414014848
1550321725
540911572
487742807
287821956
812840919
529552648
682294152
664249339
1282599256
1312985600
432912815
621894865
1818566354
250112003
892695956
2034209593
43981942
359742418
1553215662
1248898155
2215059734
1012044064
1700651184
559897093
2015911880
314792429
1620804549
698415123
1143667098
2106277387
337024068
417810355
2027504402
459839466
569513549
1593988969
547695269
519231180
524823053
1793736512
502210377
264292347
1548745612
291708817
1552006242
1711008835
1798452879
393521179
828703714
1247991707
907611012
1586043267
1425575647
516050957
824949289
2126862906
298514422
976682724
1674238676
225865241
365295361
415357002
558363237
866849459
364724133
1284305810
1519288712
943607995
1400063653
2139927676
453703073
299278262
233907645
463393033
299769603
492596075
637958154
266841694
1540328749
221648235
294784885
568520026
282090356
1624361134
1247464517
1987795037
1217939184
989938940
269394189
1255942510
603643378
376656045
587591239
1913285680
1484316637
1401957103
339130256
1455259953
323489998
1139219774
542252917
1028076428
446239995
1901666774
431280807
1985915675
506889807
1510945573
1335862476
539527335
296353370
1495209680
304855619
1451951383
284231391
2081796217
354668961
399137755
926666185
316947405
397488362
1674554167
869631402
1431676392
1704816758
1699622304
1435788248
1205131552
1475931911
1465956809
1400886451
1657767873
1148800342
366018160
420354792
701294720
1507499022
1438902029
1407313014
263305770
1207270053
312923492
639460201
812656567
1569045655
1389784376
1517624089
989420867
571391718
328454903
219831123
381383312
1518825069
1685996192
409088174
2127884326
579576252
1096389919
362151908
1547653826
448782276
278298911
363280105
1761816785
196237189
651523768
332014182
254960416
1221583182
279907754
1132667042
335984208
950635113
719429690
457850684
1416516494
1121514472
244206657
243871965
1982162850
1470110489
1709049203
303185578
898921064
1734160484
1692665568
757310230
1148000939
1530097396
1523240490
248048994
964204794
549280697
351254990
1664312719
272289784
310185730
1236752451
368421182
1001301802
448954237
657112298
996730215
1389426408
649797556
1426659954
2021212757
1102918799
1550281320
196831357
282960318
494956608
272251997
349073237
1572243667
2219739768
2066759788
436981046
2138194278
1269668323
1731046317
970514866
234457930
270426874
735731890
994251673
375394126
560575166
1334166591
1310650157
1400108385
1546953057
574217404
2087862407
1093559600
993065829
242115390
1364254000
1393432340
508064421
1339129825
633963908
2153912185
1548168361
293909244
329653663
430899791
1471234962
346640917
1571360114
1429613406
943861147
1835530095
1012774321
1434874971
960436783
736616441
330233871
1144707905
565895838
298074950
1434875361
904985971
508162491
1640916504
277861866
2089465399
2053272197
393199672
321120592
269443623
214941235
1384686107
349079276
1525066712
299907751
485734375
275183280
273506299
1267037154
2062487077
1251758480
1115450642
420869657
255765647
144068339
262738240
329183239
1798299512
1605752509
908635250
295577589
741050521
224159830
1421566115
347505376
666991227
191701269
1487982119
1467921471
1420146607
281327282
2085952103
582204877
23035806
1461532289
407430236
215390125
291641195
1495735636
1438163852
337496208
1774776190
503648701
403355236
1446010169
295686723
1352632543
1468732130
325610552
246696129
698860703
1989253086
985601289
1653907833
420691554
569238327
258268849
856116271
1419331397
1613292273
375384741
600814090
224959568
1688095393
563092510
1767761300
284378983
513213080
563906263
688136065
1602332876
496873078
497493914
683729840
215034725
1659285085
1416382975
2167439653
1253488932
1070854321
299201825
387344649
1999706188
260320358
270357318
888944593
1470047837
347045025
379530484
804841377
1315362367
2080856314
1360596184
294514131
526790910
1234538193
1421355975
1498623122
408860461
2101756974
428831353
1541673655
357169683
1537671694
549268118
547226057
392347829
542198748
1992822774
649284335
545532790
270253439
1114521552
221118736
44820958
1490808737
1734790930
702417452
1531060279
243285618
1387648264
973851916
282658206
1493490704
375572970
932573554
698929392
1716842034
326574248
289529553
203592756
672735012
337517615
1201418363
722383030
19464888
1984051511
201822596
1499587277
207572319
1580210207
190224351
286195030
285381706
308684120
387148331
313067198
291996989
1390464143
282305689
247890503
1374562958
209429449
306742479
40681251
280752403
931948298
289520912
1776098850
1900268729
633152039
1032386419
1112629471
643945965
1927079839
515439357
279336636
41312092
381322086
346600176
217785104
1427401039
1097440112
1046254064
483324922
323381573
1483024697
248908599
488039181
623005700
1607262525
508462297
192961183
1261461050
1133482923
258186207
550351130
289949054
412016099
32053288
359568653
242499924
649642618
331607664
367235837
480590618
1431978016
597724285
1294241129
1649953902
581824378
628573025
579742390
1514497751
1714241937
275178992
1162536419
1033825574
1296316512
290993192
753445612
291447146
417085717
554753184
184528206
1306916285
245536635
1196719372
1279124001
174164557
1412684818
613987955
316864332
517585022
1991489265
47187542
28997871
507478889
866602955
247038144
14145519
1041805796
1272019467
1470597610
2175632361
1104481652
470693822
960659754
1652332347
429736543
345528573
379891545
297470388
185970268
2122709975
1222114030
1397751074
855481408
414326270
486479483
279867751
294971663
920434308
1977775667
581076075
1196199404
451857730
723719488
927486274
935014519
304969805
2070192693
299968972
1533426015
1685032405
355358203
224409401
279798226
318066792
1394729519
548917262
394798686
436712704
1461540604
308716563
2106201879
1926809458
233003609
18543426
800518677
1436258876
1290962387
1694217213
1575997592
1949738338
414393644
373897056
2082835624
286659310
425460514
351087990
553719303
1720434322
553684992
284806450
443460070
539833822
244841693
530119002
247349154
647982885
308544952
224342912
196939596
309277663
1457698863
312554265
306064429
573272825
279937019
925739950
1694550623
372961052
1576104121
1419355549
1399076871
589533092
1308150223
364071719
1520821231
56000502
422495563
361114944
305519828
1421379339
398912113
351839824
2033966361
635312163
1547653717
637683121
1442645607
449462636
960194394
451551310
1704792288
240616960
1758733365
551971205
256708983
925247587
424599737
1523042653
13490600
197071606
645495036
1428914989
294746390
335114888
379455292
253975250
308068185
487288649
1937903394
2022585616
1273289140
974381454
613953062
1276654574
485715383
952212228
1974438663
386693703
1435718367
307967307
2108624615
632010866
1097254545
1298958196
183196528
1429101320
311625832
1548737364
229526487
25027666
1417792924
219014882
1947480672
2037432331
683956810
1196454745
414044644
293666389
601276567
1256381466
1107023639
565563839
846568025
1507241754
335966498
1767617429
655085540
465175585
209301686
1301100233
722872378
479088989
1530296233
1410458281
1634129721
1330934213
520909728
1626458067
1517594867
840753604
1350386864
1803456213
1526937945
299658779
189513894
1200754870
1169998534
1054080050
1490501061
1637958040
270387544
188749901
341708438
176546716
2157333614
1545644582
1459640766
511981043
1479906819
441574032
216939746
1458014323
1303580162
388157299
482064292
1387789271
2130773528
1567763687
496986374
1440084444
1642752286
1659397037
558750137
542490896
258284188
743443024
1390596693
403142194
288647081
1293123158
321367056
1427524063
716640771
1747027852
1563680900
1437148166
1398648209
969629447
1628405237
334370191
397554792
381479911
253154439
1767114834
485033353
674968817
1284777465
1059320560
1650063888
839177791
321120098
540757357
1519924179
1497519468
564218419
1452795996
2008587734
1444049270
281989758
1546365198
1156781361
276999794
459534916
1446188046
1364965008
1498929887
1420670047
1545235564
669339259
290074235
1514777165
587742755
1736617169
1726740382
387961386
211576081
303304856
284445855
1465908237
53597299
1709144031
1283489147
889730557
237136085
1038039594
261325920
324256498
887215372
193496966
1540461405
42179601
630451357
1335915484
772512421
999214057
352635530
413157532
1005859315
211367631
1451824679
586041373
1297092503
1587739386
844872221
1532387459
300411463
362131998
1240415605
544620715
1516027432
1615157657
1583150477
1355765455
276181495
1133704909
282741546
1032285697
1442859274
218536392
644744270
1513542580
1449106517
503420472
649059075
55945228
447347385
1818088250
646950625
1423236476
485964993
1255657822
317485032
1465223286
473493378
1294680090
235465333
1519725557
1166767682
468671580
451929847
549325066
1601074757
1694460636
1488342995
2004369914
851057886
559753328
1292286423
1389495924
273478111
844258941
625496983
1234764804
1701737836
1570135549
386737273
1343008947
197694841
449631565
656615435
554679350
1450306661
553115049
1441240129
290215943
450311488
491486307
593389635
404330499
714753111
632591338
1347072909
1298523879
627171275
917887135
182893606
649130247
633871636
239715233
308487063
1451811607
260316260
372955896
657313855
1434862893
1486731199
685393081
258366379
354859004
264011352
1447408932
560294525
733535299
1162929659
1296314420
550415179
1103893312
310522118
215730510
578035854
265929513
1326266789
1226728413
50284486
1115249306
353347651
1252743207
1779423884
332534419
1310791822
1991235410
346258652
290163427
1234808753
647203538
1714614189
1264526963
104920515
1087663402
1419795759
1269503184
619448224
1977767396
561648661
1412947136
447464644
1593072216
1717126567
547118361
234058555
1409378423
582970251
1396420940
538105041
1636745856
741528908
2105041579
321675131
464826713
248581126
416277692
224344022
520124855
2057307651
530125619
340989688
1576169249
2055726238
1476056997
580937932
285109598
292691136
834468677
673648880
1478653335
467973685
234308280
1396267314
306147635
859526792
277214774
339508518
1373703782
1337894091
1234831045
1321878505
1070288171
1588698760
1639595548
1555089665
400836638
574535378
396829137
2178917219
1241967509
443772823
1255580507
303486096
197089691
1390734599
1433063098
1416489018
511682202
661114137
678846919
358948211
281339607
1404941875
1641010397
323058063
324980103
1139281096
1303359678
471210319
1386210785
1445993861
283502487
475382672
311325701
345368898
1021778343
874820583
662527156
396753545
799995921
770842609
605348129
1595503952
544337441
427220900
233177528
1978582844
234780979
425814503
803329930
1312730777
581269583
292485293
1457423762
471945383
23415897
275936129
418210775
560500499
340522698
183391140
593883317
1089278988
1431755543
316825547
1427631821
1044957067
314980136
1504343224
1394769369
838049781
1057460996
572929709
396144958
290162525
253896869
333641099
540484677
1321404713
548755708
601134320
472120177
508002981
283698965
1387530510
322502926
1582395638
567362106
572792756
351520492
291164466
1527507025
268298831
492714844
1371250470
2044775495
1482143404
1377177159
1263930384
1536336021
1180120262
537839793
1186356878
2071516882
1308102074
282721523
453616338
771373623
514399892
1467042917
1422915739
759713321
227680983
545997954
51679677
265511790
291777560
2104603126
1596590738
1998540283
542856609
368598075
814469035
1201658346
2085077820
1761542972
1505134739
1958536519
1731022599
1467934546
685719590
1242331232
1475267582
210692727
341388812
1187322079
1183120138
1499862356
2153957190
240651072
479107570
200151771
1237336995
319755726
299638376
1988525443
634914898
289704364
398774803
477479033
686353483
441525871
461244970
456823031
1459022858
256025783
1410956147
1269650464
1597285879
259460127
455433184
198436873
2136140100
1204186113
317435119
2039916669
533460636
561946955
1284951331
529785129
312499230
1228797088
1570603458
531414904
1066656249
2141600640
1420211345
232077781
262907490
1060342993
432499438
1499535785
1369881907
321048964
2144453257
2015822992
2175337441
1464429613
291865750
1585747834
865451745
1275726710
32124286
1411778043
279295642
335290035
501557849
543806107
555455728
563533497
336373699
256502902
658424954
324255955
341911329
387181278
593676916
1521876388
1336892185
321156004
1986400043
619767749
750350608
1436410980
338340950
370234287
1478243750
1439096575
259456316
422432391
294692992
244238317
335500796
297521490
335424802
247197605
1115995939
1319597239
1323561969
268506085
422623665
2153118130
292661286
672528173
1476697328
553412507
408871314
333609877
307166238
583002334
1788011409
233135952
456525629
1447349327
348412794
298554490
1602712234
1441598092
980404393
335861506
641007422
1285022979
359650850
336835457
301144516
265314004
293312545
484542868
462105971
1502656336
293650667
1556239027
1726490028
285645991
2183534394
1160088392
1243875063
36318236
501683990
278602698
302754049
1421132052
1387395890
1526972398
1222704707
327100064
1410852267
28674363
808575897
1202033514
1464296942
333661021
308584866
1202230976
976879481
443448874
740694609
552879293
1472649118
420627695
1245356205
1741499964
291263008
280925781
367771440
545932144
850062606
412617843
1275775472
269869322
284020455
181410572
291920318
2208575469
1294822856
1233487997
631668715
2020378613
262414766
1292151469
1370223356
1142473371
254981151
1073995172
492638966
278899753
351706509
1539720883
1435894317
1111745575
1696688822
1130180665
1548093081
443534801
243955382
395604192
597460949
327688223
1746913700
513317278
2014635179
304974911
1590954445
414088094
229273110
783118094
970465044
1349568021
645842937
551961568
595370353
1532050217
293107143
1716202515
355519985
1776265718
641405891
302439624
1664662687
615438548
894484690
296105286
1429606832
1435715103
357964140
1648909821
1645914760
1395206832
2060222124
950170653
302223485
741968506
333742382
673931180
352566204
317519284
1478202258
263817351
395023531
291786729
332024519
878669454
257155214
1955561999
1535373012
369369021
850957073
1693213732
2116708674
343014012
182851106
288569107
712388021
338254306
290222180
2019834277
1579126054
1677466877
519264107
1426206397
563395513
298622046
1491110572
416005784
2203432732
1741490379
341338299
2202094032
451727280
321549598
231611093
542397584
363731871
277059617
372681394
1156652365
1301397224
319641714
1920538852
1482092341
453452752
528520742
985066792
1139346635
899332210
359829673
591402018
1372002685
1830859727
1479756857
558778986
1716257436
1237254156
1334504311
225471277
2209881277
434810004
333622908
1466921886
367045038
585453880
850521613
255198730
1477755747
1493752716
248696795
303979903
178286752
462471017
412093926
451807844
1682001939
268373016
542105840
301064627
1009361048
1438789484
632832920
1437415480
1578948579
282792222
338737475
501414385
1509057998
804142522
579053518
1741596314
331018629
311906270
1448223737
606556956
810444784
344660418
1451760116
285158427
1635564181
340298994
415950883
496066771
1343472494
2145053172
1206970381
1489004634
193531742
1631835322
691933626
1627834223
365460435
1066132913
1525198987
1938661621
571552219
1601028522
1513061659
1700050247
351432312
297328054
1528212819
2149041077
1473866105
1219298562
443662811
1210034399
269535071
576485673
567620543
402839600
671073543
871609939
674106411
38717350
24260171
232482321
224327146
2203214643
264008503
289184702
310631211
605213288
383893566
479253322
1234922567
256201644
1909104359
564281687
270789335
1720792850
1955312495
2111947177
1501544743
1290400956
26430904
1626485173
1342332917
296566971
1417604277
1116144275
941210532
389645316
1777502574
303582102
2003838502
534291825
2013719181
787419193
657279025
2058473034
220728693
1422013944
352347519
1951129932
714536322
1628012449
1462089619
1442367893
1417705583
1510162952
1321529983
2089284826
1778803091
1641766928
1546777247
292567580
266498681
271818147
348436049
1365266739
1907050032
303978185
1019869316
366205772
2201238728
386139687
1129973582
1974940549
517943227
371724319
351437331
1096213361
694938456
1374459663
1645231424
2075137987
472471272
1258843377
494768586
1302960206
1240173153
1384038167
550303529
271595907
1144564897
2047336625
584047898
146195007
2206265491
2220990259
1997329617
1234220179
1550037340
1412083422
613305310
551818985
1622549554
1975508952
2220229985
916159068
870435472
1942914867
662079873
2221200578
257031459
1565715219
1112077128
1992416794
580845293
798452388
559959824
1431753217
1411475394
611506298
2012430054
533346159
482006090
1627064145
536170678
2107828983
2015760158
449528735
1377383949
1939456425
1655611141
1759996318
1363181816
214066390
2220671544
1519245335
1632383073
1512885706
315947000
357303135
779205766
2222085715
723043194
1510087543
870471941
1554823569
1138668612
2072358080
1363074190
997397471
1100214429
2099715830
304291918
1903962565
352488967
418984019
1496504972
845277332
1464115227
373789252
1084326005
1461652259
1416595741
904381792
511405511
2118268423
273606221
373048575
1456778357
1225663020
1518788075
361482824
463456526
1183625461
462555579
2098518743
15520698
1394976779
263922327
2008528278
1719320785
1471838707
2222186030
572749314
1077303914
1169277005
1636557297
1579247608
691453936
2220318466
1383940630
1428443880
2018334870
2056023924
1445026255
319041367
459618113
1977880836
540396760
305959056
1999307732
207285095
1915492974
1518958733
1390358613
1398277361
230325969
1554277704
337827607
1204803578
1571251509
1423935930
2224777301
1536334230
1962910323
289616571
373587894
1290880357
849112556
270763618
2201034968
1426004514
14782519
1632303221
1798034210
1051113613
2047756255
2176165257
10414984
438337001
327026681
849603588
1090007349
367712336
310800737
448480855
180573856
628938651
1534420723
1372370152
604621444
372077011
260774232
307133939
460716148
1027847690
178358096
595362603
924947114
1434825661
897963793
1635127836
1523131314
477714742
344727349
440213423
403252308
205299558
708084570
1049292541
193176611
621505229
19658692
470348141
1533388208
223499435
198009596
272643491
1529467068
1336267917
26574856
248676705
1016294040
1468206041
521692228
1478901078
263393112
328313692
350598919
1167140810
320926431
1284923176
617266605
1624336556
1013586329
655604256
366592041
320546502
234080232
15870655
314273213
1307673270
436651611
347549433
240588730
2077063079
403839044
370293091
412971195
405928949
914351381
2216212163
392558404
296455929
1938604292
232692310
318224327
1947310368
558143801
1478946469
297749707
1566261424
2217515228
838870608
1017282472
186502148
339106516
1398511545
2120894284
661592715
429682986
1036884166
606883346
1572044269
258741141
1386782704
1491840161
1390302854
1713511658
1521064535
1441803511
1966052451
1535714214
283691772
1400312006
1491256300
996654283
1983956317
1544597545
1212407937
547471241
416201025
439855925
1066493435
281435122
1248880717
1271945782
440476131
2026065839
219023017
1707751349
914344238
299267875
605450293
442448564
303927575
357521295
386166494
288684296
421365701
823816542
25720107
1046187331
268081344
56082787
788717474
296142656
494657691
280171839
644707110
278713913
582410483
363792377
547238538
526931089
579188988
723811863
908907174
971155997
1739120737
1397263943
1469605477
2227191870
311422052
386075434
619015959
310103638
581036356
217383853
1436858840
473905701
595084165
1455275877
1745426113
737580675
259490778
277593734
366553717
479134665
1211128640
651475683
436300706
567220691
591230579
1412945410
1190816897
431647637
282660647
214464048
338471798
375835998
1343876647
307422174
515016155
266070176
1465305077
367131563
1580190047
303039127
913733871
277566829
1406011244
248990724
36096257
914583802
240623426
840734729
1418262721
580650649
271241229
245748580
258722673
287835648
375705814
213123460
451443163
492988025
1476926424
1320303827
301732015
1436250896
731405128
1463410467
494425515
248707470
331635032
1925465220
317613488
507505001
1677432268
280654479
410364446
1776383848
290061958
967840199
794548244
282760380
695211778
293881142
1835842169
1368522532
657684684
226026512
563164135
1354506449
387990451
1158951355
1418701395
1454082536
278362711
2221078780
1288228193
1556305904
1550908535
34963979
213771372
1359449585
427576659
257654964
399931770
281381973
1453393139
201901316
1101195106
29279991
249054759
286038119
2100993138
1114157014
406188829
409321671
269914518
35327501
1166111504
277702570
1048269229
511878037
481974232
1113839967
2030586819
770521978
523630770
1155807353
1577040106
301122327
799851988
414674597
1312525315
248465079
1501713229
1273357355
511674704
997153068
412020344
1228924340
1207728491
694688706
645584323
292691701
773282381
398953181
339131746
370597154
459863731
396782069
313310016
572850915
319734163
303858977
312817757
206195776
1826786116
1707497086
475256353
698551380
712915889
253058108
351137942
325566040
1237529126
1593407548
1068872175
1643839854
1277235483
1322181138
282149638
1928813717
1468782548
289123985
485704215
401195738
211331533
1444551032
1365280476
1242500845
861772864
558260796
310624243
1640036208
1445874343
1785373878
1408884145
256748213
322939605
29877840
1273759815
1350435931
1407192229
548703247
1626874457
462621932
319079760
1465842629
619127999
1631747420
1518103372
897435113
315455667
392639070
304249323
396474364
333307892
1319190777
216249400
421815319
1149273017
453002283
246257579
1649958799
1332515715
263737042
1669036313
1758139875
235429556
287493519
919606027
1449731294
824802762
452280995
937154172
1134694212
574482505
321270610
404136449
266622522
866158890
2028510538
1393225997
1612328110
1651086473
436549275
898126000
354912965
1218658287
211275855
327534592
405058986
1697933049
325330581
709650166
1533573660
1776123771
406717169
1025383062
854509811
1471149200
1429592735
1496101261
584241966
1111889869
1653775118
234507683
442142906
622975058
1470531775
28600233
2229605291
301758394
1532020683
952590256
442504411
1063001998
1978614977
827285913
320204254
830836426
538107780
1466727424
600004837
1472812441
812894963
2106363046
29849686
257748911
513284677
570629561
275979771
465083672
603017533
2220947324
913600350
366132307
1352027932
53636681
1451687325
333684098
254456245
314147825
249540807
1533269259
1365081006
270308468
1552952116
1312953382
861999442
622080728
812654615
272633154
486562338
205390152
990198188
1478738084
280609172
37274598
1778594108
1218345680
1442519329
363979069
506429203
1677501583
1101526214
1261692215
566935119
2061711775
222829961
1432703821
208764417
227373906
1290735761
243706205
15772315
284165122
49792347
878907070
1507414801
193001240
1136501142
973533380
500939709
532755649
299946957
547772536
859246329
473835323
1021176534
1489370318
1555146456
1422829605
399680459
1507032527
311320985
2079548840
2179035327
653457518
1577718250
839292691
606349871
1142292138
2119447384
530953966
519241454
2083334423
260314847
359017323
551609584
1004974784
104918047
706100513
1423561620
1288277534
246239617
336925062
217198934
1972178242
369419087
593952716
1177421865
289115533
1328646901
305300305
1435206721
716477599
1437999533
313280138
1021381618
771414705
2100162661
1351828525
1474943789
799387873
2074732498
328168692
565384812
1524937014
1588670422
1477696085
350765105
2142281868
1522165447
184161713
2038249509
489052651
286315856
307936682
1198120563
1135927771
1503708877
1587071966
565908674
282589137
1431406299
1450231225
511384613
537797735
249700567
578019580
315387129
634076368
1040869496
189333381
2078036262
916390947
246246725
1394971143
336020614
629081772
381673294
879893059
302164568
452330436
340863558
417900172
253177372
330249282
314729966
243884995
1477184668
645680254
223792022
315959161
415550638
2016502042
225290349
1568672168
1072767308
1176089753
22273878
2113487150
507552250
539671320
344634955
351417408
2209811754
363805658
201206296
1687052423
1519172799
294352495
2137677595
1697139569
504777758
429841491
458179234
218562104
340974597
402767322
47132831
290759586
259332481
400047977
391033296
531505171
323162433
2159631090
1048927098
1524071105
272990568
280147697
359916402
634387468
1025625496
1204866963
174479935
1212521573
381038834
326967198
1689566816
338705898
287983668
1020772644
418159665
294395084
434671899
563636468
339401630
462301196
1573541146
419601994
183799737
370544611
1548150542
1412521398
1682418226
280986086
1407748448
490340651
1057400468
1345049628
2202188686
1547726043
793616694
474962121
1563639525
52589279
501112478
322517132
1413906243
195963509
1109688122
1500554676
672707990
878012871
1956226445
393724476
454932674
638406676
289710450
178929884
233050936
425688727
516433733
1038168896
471997616
941367571
356208892
351667622
308726037
313223676
705005738
304153282
1748142703
271801262
615518670
1758968162
2166827492
302837522
1229252558
383056362
1414123015
523142091
2223264037
567734371
1426886070
2073514837
289900788
272777246
616555759
390832050
1776443143
1070450590
941662682
528681781
307167753
1551870786
532596599
907726266
350513395
273459024
1127315690
1319571498
1556047657
2022562427
895287005
1664429142
218303087
312123190
464966253
477195261
538260205
829459363
1462296188
1243159354
1979698628
1026981072
511971997
1608981008
467802673
470925719
359804143
541940330
323932506
1434220246
716195524
633584896
1064313941
322478067
640538582
528787924
1796594891
1606069520
970065640
1434777081
302231835
337061718
1731050617
2008118247
1143713037
291241491
1928228545
338488702
572977962
507111004
538867195
2134812651
1402272660
258842651
1118089383
1427554856
270415952
1577825950
216242601
216299001
1510859919
308507454
350002282
407741164
1941626871
452936999
476299388
267624368
1080385113
538081187
1396960312
316231235
1213388442
375656719
341304946
862118078
242774134
813609645
1161653112
371280270
465499042
288607393
478637998
447885994
1404564643
229782385
1430579252
412735444
307289261
294010324
1440994946
192306304
266080829
274117192
251025668
1429142255
1328902869
1368236361
1785318717
1536374879
280816284
645872858
1997699968
1713072325
1266680475
1835684587
1762025719
322334189
211342447
458187129
1690912916
436109317
352499011
1407679963
351158648
483289582
308546566
329905706
218601508
314680765
615736094
1438214110
285591416
1820774878
732930115
1945108471
24539795
1642437411
1385630047
1248660397
395219485
1604384242
336010389
1416456973
579345186
1987739016
458173797
318906372
856068591
1128149730
1646027744
480121979
287449344
354731925
1532447204
829702719
597313593
500739561
885366423
302406309
502526329
230070155
878941814
1001111907
594281752
386957363
1195132539
1439392687
577839537
45202898
1029244641
439986659
941548542
1628039183
1730336368
1481112809
1476361402
327605267
450287267
582987038
1587354948
264269885
662575296
1580574642
896228246
526732658
279976870
898840930
595319053
968266112
1636623886
247347412
349768636
2065922142
309426601
289107272
1352478930
381499658
398781646
1559578764
298172733
304682627
2024090160
515687957
296252014
226277631
17226957
587832138
14088015
222142708
590514985
654917384
2017803579
466410882
302337049
1467632170
1609212987
666360888
230054933
263738291
394555123
472383754
223910722
676398216
943825480
1939173608
1163523464
981591455
314011602
268516015
968084792
451850478
14484671
550753475
526770960
2204659861
316698003
425572893
1455484960
1206478016
261729082
1432853277
878983511
1399957859
1101349008
1376002164
936582414
314028413
650817138
1192327105
569517503
708923522
1347786577
1837923998
289561433
645431051
644112384
361417362
205497367
819669459
257720784
1522236540
1269095747
1589474996
505143672
1695156785
503672945
415375419
1765210387
722680814
1525864453
286118518
977614606
1289987195
1449519417
1285434360
403233543
722871342
1290530029
1632090885
358021384
1245732499
582798492
502448578
350788512
1552270335
671187179
544533393
1095743678
1644733042
175452690
259448038
1287070828
1213705581
286745209
269905076
1758744362
1327030251
954230849
211301898
395189750
2040336144
285677481
393483030
2068289156
1242652834
502170745
484722518
1534608505
1395069689
248534500
1317431801
1998545965
272109666
407753188
379927728
787993742
1434624702
182772556
317527244
429008076
362123454
1443947351
284143243
2194052780
481549992
1196547623
1007786208
1121124350
1111019265
736724019
180907099
183622397
195184361
977005491
328225600
967004957
483183900
1514387065
1415703236
1745559206
1510125341
556862993
2040182180
1652254037
296274110
955964476
1412633344
264223485
491012618
206799185
1015142566
903069355
28841614
1548140957
608459866
1482285877
196756299
1574871707
1950064711
1714727699
265934095
1413510557
1575517394
26692550
364611829
10575634
757140945
1428128434
868962631
511459213
295516580
192719345
634033895
553754699
263886367
291340545
655240964
267573929
747825086
254464237
444921647
251887431
432590181
378469031
591775876
1273963368
403796898
374554697
401023481
913221225
854709252
2115479905
2083701262
1755491782
329612044
1255909702
317992110
1285131747
751628309
293763620
665187029
1573257582
548789364
1605611509
514177791
2208830629
833196426
12176165
426427225
1639741188
412607521
679966912
270736555
1318915516
1145337746
536268819
299793951
555117931
893392132
631046100
269478031
456584281
330651293
1835495095
390798567
2210032989
762633171
1476184780
471124302
282989431
1318380283
1420523824
1641723902
2157359177
1033655971
469527459
273990751
1631883257
1471385722
1608523092
604735281
226941970
1625194719
1979949790
434545671
513178887
1415493301
2057781589
1384794683
1393662987
949935382
1227571566
1614538769
473707432
1303399202
398273189
1534950010
980905916
803300865
418406023
1292701668
1492701983
955160670
683986256
2002991809
530128719
272336148
1644212629
297494214
356541592
1410766043
6153245
307348932
1484303962
984560494
674989704
1369625564
1962556821
1427463423
1275364928
524411776
593011881
1918600440
605329557
286713356
247624954
2058518064
255996254
2031238041
589976576
1487145255
1945347560
499965350
1817125182
1252934117
1525205879
1423070376
375411343
1430019548
404179059
1799434651
2056507750
673970292
1473960299
445564507
1903283677
2229930344
1435853863
312789871
214203065
465211207
329741514
2210722570
421447314
1185791987
2049069794
587393977
270100888
1578174081
1493044993
2224687605
1940819676
666255221
532996558
1579436806
522958544
1991877045
835704167
1506592954
1568963748
305985429
399782255
351629974
655205338
501617668
1626880921
1568654371
291319749
1901475977
1143161002
331030832
280547024
1464078685
1422099959
506994524
581390950
547668569
270006524
1901623072
2232429231
233949775
802676011
185572216
453416956
833132547
1561527013
2116601495
375537148
1599895543
461958728
864912433
1245971415
1286960821
409269843
368757301
1108679778
329047560
924914035
597070482
361476016
23509550
2230341268
301203862
1080749214
2026859692
2159028336
288473372
646905393
350756746
1505943590
1579068305
1350022047
1245350569
918025058
525542860
544402817
1497860447
701486498
822635602
1738883347
1413657728
575108975
1115413125
570382842
781468197
1345206388
632594223
505666878
1419421995
175306760
2084912646
388080988
2013865414
526511873
520434908
306072884
1601628497
2232246005
259448312
392570501
2155008852
1813768725
1584148014
1741918424
1632422499
2096775363
364035444
283595445
1450684661
1309638734
1317292699
547855852
253478959
1450809790
274744741
1609425855
1087823149
269348953
1499756542
317348468
36148860
567484926
992649028
477542557
210195043
370363530
341122831
867173277
1471255226
296432711
522558247
1545651302
330683969
461084208
1695287885
1964979320
2231891155
1953730167
2232551730
417376179
650375231
1358042168
1338225470
19370591
485806173
479576534
2204765875
312957124
1767403301
1968817551
266831546
1565592927
564725543
1615308030
2233348840
2094700522
414714135
2144359155
210239332
1480286410
1323654992
967982556
1377486843
1344950720
338552553
1957743192
2075635434
1613235961
1508375717
1996527672
491585481
1514757388
298135095
356819850
2233480982
1492968055
532709323
1903462760
1585575190
550570221
526869887
1320211703
324964093
1489350027
523252832
1751686327
1059981285
1290324496
237057787
866064579
331845981
2044887484
1177044102
360536348
1802511267
474978214
1918817152
1426246993
349953873
1916812876
1728985050
1709155641
329341546
220875899
210687610
351666312
1121697282
1219986893
624828844
496805782
294722530
1272136980
24613833
472559545
454846079
1901955448
2229211767
424919166
331980661
1315581119
2212081930
2097556716
1479242259
183113343
1642823909
445918691
2077759838
1352850749
2114992350
500400311
1354615020
19102596
988971374
327759969
288482486
1561606047
637581598
350315045
2200953820
1607836120
1180931995
1237973198
1486848219
388529395
291838513
2073771328
506627247
12540490
861149915
353849946
1923151402
1189519401
376405075
1526888683
273378653
497135404
2234727222
1365133676
1409132311
1133108453
2112848145
301084136
223589376
844514322
1608798712
2234880112
665600550
1414728139
2234835340
1999439181
496789219
1106337184
282784761
608513837
1459423142
1148151511
471802153
2200310619
334257832
1023561110
257630688
2231620226
473809905
2235024976
1535307524
1040376841
1643732444
1549865869
1513643981
1675423454
1105726751
1557459515
1612295617
302208147
1589248234
601076990
548783138
374533116
1602746231
1610511737
269879955
594143118
547805765
1454290664
893563999
1821068219
1475678884
1550144284
2126662810
1534764720
593722820
282994629
1381774452
742282240
1996539067
2208933545
308498312
2213979149
2235052513
1418834188
296886101
655019266
19339916
1019715144
317541344
1275344204
2206127625
1334339069
300542202
357356256
1109234067
281977933
1354938689
1465425359
1151570548
1444231579
400258114
1066409714
2231634651
1961176516
20833208
2236133351
254585114
233906185
2155142495
1403253172
470899097
323497459
19910324
380382874
1334816955
1414737433
1357358175
1258850697
558766308
1737133161
552108036
2235053028
2125481317
337497626
179253325
301580738
260866552
1554881105
1434776611
1494993985
1546384475
328034014
2207343276
271547805
1237357021
508002475
1602495995
304677439
318289544
973462517
523412556
2089379097
681883543
420756534
2049645238
225019025
288066868
489340869
241960214
1708882297
313126584
1440095678
2056935753
1231293016
421205759
39398718
1551468820
2083732194
1726671402
581577710
358104670
331878189
608601808
1212643821
374022665
1371369143
613748859
2109804942
550426220
2053407340
1305372272
2227650067
1356642788
530399749
1410690142
286600869
1302216998
342864122
283024995
196787839
1100504622
656336894
1244996733
2223161293
475518576
104983998
1198866263
2237268151
284793745
626889598
1395629028
1297106070
401046183
1521929881
507946498
272732282
440452991
536648394
212919360
1271178351
601394311
472667929
327530576
1216353827
847647758
225812972
394905674
1955819532
2209798056
1112031215
316244793
1284372891
2237406013
1959092442
282130489
2087619193
1651867730
666326120
511400062
407603184
1476095503
471269522
391008954
719620773
1426369427
630693754
1695655721
345711588
1485579811
314157945
1449558512
1600051742
1013066330
2031225710
757155620
1446231100
1136818872
514118175
295390236
2132921821
1501099615
1529169515
535607215
1424004286
506226852
565503092
807829517
1434859771
331095841
1261790715
208054411
1199841898
241070932
907614294
345465668
2236692453
216223608
1379565385
1507133354
709056831
1482436281
1144764269
372156299
197693410
279525528
284349076
520884220
1114973072
53094250
438120905
564114128
1402335883
1812640807
271683483
567772661
1596606790
1316052614
1594434896
2208808185
607944317
1936974829
1956769737
1391776363
1545563545
2093041489
2017858320
676178718
2219200259
1919852115
1603949710
1594365125
377214201
1712665720
1633618576
280561643
2239658690
1978612637
2213795855
2226600188
1635268052
422586690
1579159313
2103538097
335878005
2239837168
1602392179
1261913606
1403809874
619456583
22826975
2240013436
1805638827
1199513369
1686124246
1477744860
2079873140
329698856
2143657695
291931381
314727141
1400267567
477393908
341130708
728190914
505465615
1651136265
288011558
419011126
29092996
327478120
2155263778
1431552367
1716411084
199824455
245629996
308417927
1023067031
284452805
431024445
474126165
256701299
1621708099
511262783
337547913
1532551750
723787662
510585646
2240628160
568924569
1304964839
1701330691
1414624925
1635416750
288498778
1586144217
301754217
363093992
2234567543
1538667104
444152479
2132883670
1586500716
214138667
186944116
2228216377
373196817
298646206
246542831
1522230779
1503199403
258695315
595128075
2199880436
370399925
324847379
684239226
436544448
367810648
586083680
2103013180
1466727151
709155061
1588660092
2087926253
812452301
452266075
878679108
1604764022
295394799
1072247653
318938806
418332576
561678144
278752421
581177042
429083026
505279218
1621839762
1019775985
404887171
892708120
992503440
1291908257
1521874395
337550911
735614489
439824454
329076492
1553980763
1361274438
1413925747
2177705465
1550788681
524585642
1820838098
549995857
338374417
492178458
1736302873
530287220
317374536
2204487358
704845410
1521025828
1416460267
582780317
364124186
501289202
1271007944
2029283227
1296044135
2084189323
188896665
2241011738
2241405891
1537431784
2238382159
960895927
329648511
2137061646
2211336629
1215417644
1442280633
514393222
274187777
1512119470
612392375
211389276
643309529
2225472155
1293005611
850410579
332652540
1140010489
1216722171
901325002
2098350271
416823657
182044482
1415015969
622285790
569215231
324848609
1633886093
288594911
1499667450
582311222
531384045
1322088345
2008188348
1427915926
1838051446
287903189
1928514042
236551970
380233443
1511824468
283502856
736573742
2233540480
401830002
1336745651
252405908
301025582
1998668767
1571253800
355622633
1400107954
1419660202
344869009
1507315211
642914264
501450714
1551079317
429604785
2241595576
1456520453
386967542
1486772970
1239945128
908042586
708154771
1029148902
321842244
1358884609
506535462
603587108
579613572
928288223
1967410625
1571517796
1234419145
262425886
1447119200
51262627
439909095
1449782015
2053041298
919631797
195142150
1361166329
1263603372
2135358201
397927998
373030146
354861814
722542268
312729299
1472999203
1520087214
2215450971
450306728
1722420102
572397150
298065578
312896281
1604533604
1611296281
2233911070
904893529
327591915
565445313
951674122
253445433
702180306
1986085631
1307833997
293320901
621295660
777288921
1752674199
915096857
285614084
2241492802
1372159064
2133821734
1336613203
289507440
6332006
1109413033
1461797160
1255841033
1032328897
179372477
516641523
1517201224
356421413
310728759
1512162256
291113306
416854251
504273591
1429905151
1513530509
22182463
1554767011
1641197492
928455861
503863240
1137145315
303307943
1448551100
1056389383
314919535
1547091300
1922221955
517808129
1533627525
1454381077
994434832
393552137
1423059157
1206972994
1481125088
239751808
487380193
1700553306
1634300488
334726568
1416515208
375042819
300017061
246594190
410462073
520183950
2129763592
2032595262
2055565377
2215517921
230504492
2043394781
787875935
953432137
1136765413
1457548548
556885410
582721391
410556161
480229289
1497255278
1550722466
1269915128
1173008807
397507574
1452985790
1685694532
1497223272
375307455
200739564
2237838354
293906289
1705967396
1375231547
334101906
308543272
1614806370
1120530348
2205971432
722556365
572486857
1310583311
705927184
1453083492
487965178
530928051
429162990
1313271311
2000495437
691408408
687062810
1308506825
802433837
468094459
484835484
305358123
1404048080
1461193921
1398211333
272363443
2003878109
309819782
1629091223
1385130555
1708094411
1336859808
545589613
1591491958
1443451449
2241337919
1098809677
534011120
469260968
1502360978
2133248836
248023412
2092202057
17917255
1132978265
198158631
537789691
1776958097
246285621
1247793024
563570335
2112208285
536433833
189887084
436011199
1350178099
622209307
2031283156
1591698494
1097556610
1053253086
2240927672
1231637017
1616672416
838679707
1407772913
313517597
666277256
2162602567
268360492
721635145
205773038
302947593
1489324256
1439104821
1479763624
1827605806
1435985710
1966016835
1436458417
304609027
180084985
1230652791
1112711392
1242787739
1709204504
1422052873
323353698
2223244776
351388291
1294477756
1557484618
1261653355
510407640
48752037
1511912648
1435863727
2083747649
1538516339
365476986
1455138952
236700759
352142048
1497731364
2036551373
2217874163
369602978
307367978
1083898843
2065688781
555540171
1918306326
235034882
1532982927
2001545420
299057972
2242479962
402140821
1742919909
330498835
1732585633
2217607186
1655206926
1396290104
51557439
1674048391
316241541
351560062
327586516
263659073
1963489853
1377959354
1937384646
2242358348
1068691178
2121899026
1901651269
2008836079
834233328
362358849
1467817964
350308527
13199579
582513952
1773970000
814947568
642959313
2203020103
603345241
1544739564
2089093838
1428515376
310792868
1411507604
280631485
318063718
914548034
345523534
2211336595
318757647
1324651019
263225358
586008496
1595792509
2210487048
2242710611
422528841
558357949
483036094
240701062
347955027
403927059
986349713
1704466717
356635048
336831833
1526055720
319820011
1644674315
236556516
878075265
234362900
628251099
459408169
531095261
1377009439
2201114544
1485535008
698565891
1962617693
265422094
1553152093
1095983991
584707329
1626577897
275172675
551856361
655006533
2034949096
1520703598
2190568003
1443563381
1256612868
480326407
1552268330
1264988193
1298665975
232184956
921536567
229981515
532839380
44632015
1624674608
539399091
1553356647
366522206
359214924
1904862963
1409726476
1429869274
189772105
1302531904
2111148735
234097025
1431880813
1012848663
281297813
544693096
422771530
284924267
287385461
1204289251
350450970
511973702
230891695
1583780839
1406238669
1634055481
2095029564
1804144879
1923728285
1629392963
494135586
490518968
235232624
932128574
2088038033
504647270
485007427
572256995
575973478
1399850012
595422985
274224340
450727623
329864858
415143352
333479129
263689504
1156585485
584058144
1498718773
2167890297
1723081048
461403217
1998334182
304702491
1201643949
1429242719
896336774
683566041
1457949807
496257357
1792377919
558518058
908918557
304689775
572386526
299849174
1914693306
582253763
307332296
1395187994
1237871174
432391238
1337385412
1266772919
2243811494
1555975443
2236952366
27271997
1642802974
1947222929
1651811619
916194197
1282996835
501514469
904683258
435109637
323038959
2242750039
526292548
2124898717
482740632
297672620
1515651159
332737036
1504941094
1419733136
2243553327
1462258920
621089242
309343779
1542482700
1283777772
1450952235
308632795
1293072928
262254667
323444688
2206039343
384055667
1033427065
2213370567
303962552
2009758104
304804006
417193802
2241484114
262363403
1557552112
1368052720
327627422
1574829633
411905867
1703027997
2243734850
2190070048
2129878411
1285258092
412678039
1522788316
574426837
1502983940
340097763
1457923118
53035646
2238060231
369777505
1486884604
2040980994
326834769
781066486
215155340
1410666264
1014119572
1943482032
469587697
266934506
1471531650
254439906
289131029
29496467
1415973754
1647102654
279279912
560462466
1149193544
1066294079
1708143113
1419674077
1482633511
1698269360
1187881855
214441493
43994314
191230428
1530265328
2059926460
1763394697
519481183
1024005971
328285432
1820678431
1546856243
1644546314
634605644
625118828
191355015
1908012983
1475087885
268077310
1490603931
1031827484
340845301
1201138344
330451488
1542697900
1395495589
2153430488
1574269376
607204855
1974340262
1719196768
1159364958
338620334
690257982
485070078
1389989156
1466183945
387788971
666237660
607196707
369382929
1934931988
620065293
1459050098
529307458
225779807
2190071187
1121764540
1496130493
394997214
620079156
474096729
1591135495
1475787934
430760002
470398879
1489475395
1531187281
2016879092
318916977
269989010
350597303
459622157
611641009
1031581598
318061308
1976445685
498298160
265962594
657232126
2058847081
508840105
403383876
1516628110
1431815889
193544765
1427416236
1408858621
410345332
222579004
307854141
54471456
269424057
352277946
1130808098
1090019780
477466218
1578228334
222270550
361828279
258292082
2119205931
794039900
1388664084
1372136261
2245346441
356495102
795223009
2003350063
640898955
353769457
1903745998
1824727082
662038590
352910069
565793940
636044784
1326443097
487270869
967767034
741394224
491176147
1806220804
208001381
1424595856
579414084
1478278487
1609321839
587963798
509095241
532613796
313513926
773626349
456041376
588095928
42651442
317409886
1494606363
540808204
279656216
498223401
993240049
1635116425
302382681
527879489
886890525
1404944743
736187855
1693923618
1506012372
547740758
283086565
569006151
291981706
223093738
634542775
338368856
1021065971
2063841340
1061528576
577675898
1303030655
1748472534
314977472
293969010
632641444
591854232
1089570078
945798719
989759216
896432441
1473026071
1240875251
307502304
48914551
804094039
1462130789
1095995579
1552135135
1632397166
1222561737
1587594474
367307443
336810253
221766894
418534524
277043962
451690874
290794349
1294358144
2016410772
244905939
1178602188
515357204
271279038
1730892898
1484627905
289277413
1044851650
471673789
550240977
1283561504
547630401
1439144793
840200964
275924075
271753541
1497643556
2090074468
663846386
2213992422
1605075069
1690622422
1395929075
1149721043
1497590973
1997760744
226501568
1649593294
1563565021
1121536786
29448191
1930191993
1183794585
1686096830
519011803
1991867819
213666837
647049257
1522767033
813045895
2240196749
2220445580
1915951510
617249086
294318814
695213005
657558069
1472807933
1424528299
1981141937
1602275743
1732151050
1098565691
2194761720
615282919
563125772
2247264451
1651799158
622993523
2168038099
1124739189
650979420
1410097104
1296728562
268971290
2232384965
277453144
585887607
2124890244
1981933316
2247396337
1201089919
188648460
665217672
2020880017
1548993495
1177983955
428864459
2244779558
672692810
1398991799
1572604911
1310004371
835436165
469419207
480704047
1548071354
1515140339
1680286667
2066293383
483478548
1446288193
2241349559
2078221856
2247417189
375218747
280819365
279904997
1803163122
242302148
1292005450
2247414974
2245177520
839886185
1330470779
2030287906
2069954502
415959593
394481739
516348629
350370632
491381515
1184404202
1172928032
2159136075
211498532
1917371766
279852576
445372874
288886840
1346795508
366987683
430339774
1281035614
254483492
502512571
543772316
850080559
1221609953
1239479405
1244796611
528579870
222473519
915828211
406293833
1270322981
498250093
1088240418
1277575166
527854985
338446953
571471562
834378725
273352376
1322518742
1417523337
644410981
670266878
329077347
1214206787
1636783391
2021544124
279578581
1559249390
197707552
819224720
627697792
1142683180
295655883
1114834241
331786554
1107226965
1328084126
1961101387
1810810162
1696597804
1334437233
1915443483
304201052
1336832734
1253211751
2017831348
1039437095
644663223
1666670501
2129910192
1424479546
410777820
313505614
1302363115
1458177254
1423154739
1271711646
591947323
1496941644
1761248169
1464657243
361386430
1396084551
454920784
1908526158
1328853591
636356016
1372225236
254370376
286703014
500705441
849362323
1414411553
421489521
620056427
487167949
1158997278
475804262
647251006
396806633
1648998929
330567914
1195121430
1412587788
2212136190
364772162
1332213812
453287327
389769589
562203076
409852394
1016846787
977359031
2237117828
1123721054
261834881
2222501399
24952753
504069307
338503382
217390537
1449819734
300336976
324117044
546312802
1465207287
268185631
1246041668
1277038080
1098447981
1504632595
254412826
985151748
335391766
385389708
311561222
1118386357
1687535249
2242596003
1468960364
648069281
1338756352
1391856715
1237432536
1258849456
1163099218
1132640233
2237817645
300936868
1524241013
53375890
418094927
942591630
1218150053
2115829531
2248072179
298171111
413844642
1345761292
2135130399
1767313882
1076149342
391067869
494388644
1483677304
1949433967
258654059
1424576808
1766868368
1743046900
1388878794
1713527647
277005624
293100959
1421022258
2087541939
1251353783
996466478
254991497
1423413267
459005551
1109763883
641640407
557559556
337291069
1563778187
361971960
2243755695
2248306043
267666015
2083321111
365811024
1958425876
844919093
186943294
1317329102
2141658778
2238747516
1910106886
42675204
1401482593
403802108
231746046
2029566849
205787223
1464276717
1104100590
276210118
1549797802
1409713340
247181462
598019417
1507047750
2248558108
1256794230
409882766
2136697826
751121017
365327443
1085045565
1396928069
1190664907
1933899164
296921427
1146071813
1376906001
1695578040
805522325
536012186
371972132
359888966
1693947677
1385524670
367871441
476639733
2249215911
409032989
1984140539
2135148545
1928810105
312700375
229542242
2006438984
2249259089
2239046861
2211137500
517965061
902750773
283320323
2207787983
606708116
2131496047
1635527765
2249174584
535843061
1743929743
1497129032
1453212040
1785635601
312577986
474082528
1139301793
680374137
2249341212
514807829
498357285
1487461728
1463114116
1210375599
1697957788
385486997
1997714222
2208382488
2239611996
534245577
2213446360
1511063693
1918603930
2249591631
2041751590
2243524063
909515212
240503237
1596685042
299240606
215747594
2201235175
1562724788
2055931562
1958488505
1487961999
321161263
1581403736
1725037965
540617353
1584857407
2110495679
257517917
1732629324
299997182
2246278902
366426523
555234188
2248870925
1013767882
2087727273
1032377215
455329481
1590489607
2143610409
1015803710
2244711326
2246796799
213196105
1511271279
2249155882
1466388369
1721394128
1492250355
276184218
1023292420
534818879
2250415715
2242082292
405991374
2123129466
658123528
1636824174
1411447521
290021485
1655332369
229554589
1723480335
1661982867
1451505973
1712435087
959195399
1349921938
1276098799
1273171101
275470604
2095979846
1278763794
220746521
1830811837
606145688
604985077
996547345
2234294240
1477983253
1385800907
1142301463
1955106127
2250878713
644047579
836306704
1452874111
2217646919
1758759737
1253732348
1546016328
23952081
631409539
1797285722
1357003829
964658148
452433210
2246385357
549989452
1973574684
1496104031
406568027
387307461
894635773
1039156602
1499452975
2114402508
1763373825
1630256670
1161971622
1386242958
1446122776
943450655
1696531995
2250657624
516055367
463773125
726522838
1559752476
1489183976
2073067934
482704071
242474554
2243372477
1530265474
1833482068
214880658
2157940788
226476163
2132647523
1489507544
2251442452
214901324
352272680
474142166
442331661
2249830837
2251517715
247322477
293356849
1499607493
1806114889
211278599
651043775
1467486508
1499910642
1070573636
618961830
432653883
1435925305
490624118
1606029209
2227308862
2252150320
2252110202
43621036
1570217507
1000923206
1481935537
1091752617
1441956602
1671649601
752542906
390002970
2210946109
357336924
296456948
2144789546
531463722
232663558
1477777070
944097434
1124451246
2203052131
1909728414
1517158257
1513635675
593665449
242474748
1796285119
2217320321
2252529239
324045023
2075895857
1651346123
2252031810
291740103
437312213
1920716941
2101010819
500260528
2048897019
1993518370
1357008102
964574964
1531440528
298641753
1053989515
1504353027
362167903
574820538
28725914
1405661401
2240857646
2089408714
788839822
2243653446
1981714080
1204624642
463784495
1532461177
41280514
4168338
523832830
1434682179
343409617
2250676246
950624835
1405613941
507710761
238403290
2253094789
589113157
1628029478
545768164
1076408268
1557328067
421852898
324984663
299528222
368666261
260345761
1411972075
1417881408
517946252
40114693
601768918
2227102630
1503841672
2135011360
54144546
1624165743
390859588
1293053087
1515668973
722638202
1742219189
317534960
326842737
1117317031
1426701514
723686302
1156265277
1553877423
1621846257
514060052
1413791396
1363821268
604400164
1091176376
418444215
1698993102
872099208
492741939
1243320106
514235197
408946471
410533739
234833015
243400953
288623601
309326654
2204389795
646028020
493801903
288556541
183154584
2252981909
1692661177
1162244641
237669460
1303232184
316374294
2084333307
1066838528
333646381
363537684
1269630860
1477729234
1373827818
1410944247
513064766
1583779325
1008775516
463357968
1426316812
706648248
194767673
649474831
391064311
1767829491
273332163
981298673
253656851
327492397
329662782
280810801
1653998930
2047610887
1452900123
534337701
1260864039
1497896861
347080920
249468670
2218034182
1715057937
284216071
2014623404
388107934
1577692485
558997188
248972184
1689740686
373006624
630709534
50424385
235098029
243686651
459738765
187233079
1511825384
288616199
2060762825
977078880
1226483096
1590073832
1461863375
1465534080
1430910326
2234249705
1518039855
1446382645
722567793
2072737131
1431746209
2050014145
321030489
514378296
1381631341
1430086166
973546037
2254066198
2208919318
1461553991
2153069893
261767429
309259998
2254147633
1432642470
2236871203
1602939597
229448012
1994089789
1946490607
1243322579
1476738971
675480900
326191578
572672220
318828717
299889756
987900214
1226731295
388615003
1106087804
308780237
1130668564
1493551810
1079849508
1415932655
225562115
1508115837
1654060387
1678531612
665436348
1734948056
1833415226
1555195804
2250267383
608995174
2227089578
1699129625
1553170790
1518035349
25030244
290075040
2248428836
1442241496
1708017220
341930591
1941572954
296102645
2148747270
567101019
1448621215
1415544571
925657063
1135710453
621658981
668301163
805735542
2254772001
1358320211
1463479919
356535211
1499183120
1106143633
2237484643
1538641740
977518411
229279876
1403481483
1538226734
2159471501
2129304825
2241290430
2237103562
1937734538
1391692829
2063455482
1233315244
1028303205
2136570231
2126269733
289201074
1837331830
1413007451
1620813702
2247877675
2254083662
2042979342
242801862
2252590249
382905027
1383720918
257000554
2251854693
222793095
625104894
2234781178
1836164025
1987065768
2063831485
1535349240
1544810608
1441335859
405456927
1527459369
2255761502
2255891060
1697752953
1117502756
1418668295
1021493718
638982660
2182737007
1997420827
2253192605
267983970
633213412
294482675
257184040
527120705
1511224890
483036002
265418150
2254335358
1058270432
245623855
1145898378
2249758159
1985919958
2244775883
1558544868
224788979
2231528333
1252845273
2256502348
514585363
2137482702
1610424744
289950941
1297991654
1007514908
467080774
2071886182
2234474881
2090210110
2000013445
2251399505
608253388
907927112
1247839513
2241184696
1380350994
305600060
1418320617
2225571269
640946150
349000561
2156474921
639812138
1364087412
1474605596
858850629
1375883038
1435003256
1965026407
221774848
382790151
1588762109
421507849
2257256677
1208334099
488565108
370342841
1005568325
1549706954
282114854
899164140
1607050724
1316946744
2249410416
772053239
300564684
995873903
1390825445
242487067
353065543
13994714
1475686400
2257637220
450315093
1558387822
1460318698
1109795331
1007644656
2058307180
544597208
778235553
2203011080
191702511
1507347542
1426893141
1363822803
2212618287
2133502897
490317988
443340387
2224756712
2243308570
295404645
2239922715
1662635383
2249918913
291884858
348932830
604268426
1319039456
2258027473
487267452
1597332525
2258596235
611751412
2202325923
2258680240
2122773835
1427903111
1247954490
265888042
196111246
1644498015
329019002
469295655
1491539803
711022260
1172205748
717790147
2031940299
584298831
263863972
1381971943
1422724403
2098668762
1315843470
1272105859
1207918231
2037912667
304879294
242887721
1770365931
428061502
1511902990
527161501
1556582326
835301937
2133861677
1910723191
1998615667
272158687
1457606323
909092956
2195470109
2206366415
1384431741
1494967053
689537802
604789723
1098580346
1669064217
1701668804
1421094161
295515681
308514494
2188557088
1001182315
2258935877
2153092173
455127205
2239375564
291272062
497013256
445412376
1730774131
2260302846
279705999
385769634
2218886201
1057846663
595950958
1142846536
1479225749
1502514432
836003999
634523742
641386606
515622512
1627002076
2200848114
1509927664
547148810
1303131550
2260850392
193960076
296205210
2260451473
621910926
887809618
656786686
457445372
1823139883
1209516489
1242370866
761177169
361107626
2064290434
1504157204
1744485894
433088019
546127204
1381959965
1276505828
2256376891
1979137060
261875765
2100733592
191418591
1645403975
2031871595
1716682107
2261421192
391191715
1589873262
1404274725
1470114396
2261582730
1530168425
2261606401
492657302
1929622249
1500512560
2036626501
2256324717
1517658977
2261648534
2261682592
2093731887
1284278587
1558288096
1508721748
233194390
551571265
490660090
500226350
29567020
545830437
1617272829
1264504568
