5494033338
4547131567
3677544192
5774939973
6159109336
189491706
5818749995
3233075155
1412641520
1543811747
1386562025
3476114570
384024086
6453300264
188010156
3211124095
5742781397
2292121579
1223329491
2078747606
2097105493
3938740567
4113908389
6215290407
5931957378
445186899
4797613712
1153069539
1543697296
289363779
6174581044
239806154
327450831
1506516990
314153454
265017542
643189554
4780481131
2622786279
2816818773
6239173349
4141891148
4165594529
4515012635
17779433
184505878
8267997
339381396
18462420
2046011342
6184818
21131602
54156565
33234348
1189671280
3449210941
