1102098253
3076741551
6289990163
2310336148
884643412
248224016
3548202319
177659602
1412966101
227898309
343328236
232242341
3130521177
2203244398
1337476883
1962003995
4779394073
3019013736
1406898725
2128758016
27113560
3963982988
976835781
1618605617
297891924
605435385
1187818629
1582102830
3817749083
1733068593
6269817790
1483552209
358364715
6435958736
1590707647
1361504773
1992465200
3549263990
4462164486
447044240
3685521453
4133138746
1402286218
213575483
2268593465
6414027790
1519445096
1436038391
5351359885
984484911
1779815273
336955038
1076147524
3295057342
17514325
2149047794
1425223854
337504590
857653943
246055669
3162709680
6368974146
2011946091
849817756
393517932
1523176565
46792363
30982573
55775503
5584835470
1750561548
1755072335
54854445
1964129408
1143905846
1256475862
11437886
6300787706
6274184333
358247375
3671537901
3322182489
510152528
694382246
3013771610
3546649346
4092899603
19603892
1650117164
4055603848
1513871805
1343227356
3432269854
1181913053
6197965250
1911652
5402655754
6274930797
4097583509
6180551295
3128587373
349861110
4087791700
1474764628
366404090
176130
46013952
1505307893
292470476
6087096576
967776237
2910146006
424539578
6087120041
632700415
5492946588
403100448
31841936
2940648985
328246035
296970221
6100179610
833232106
1739517340
2253867240
648662114
416595262
395774724
17181344
8990760
6133389091
5705497283
5613338451
1525152539
4076307727
269472415
2246046757
3013704819
1917739883
5594207067
1213504134
3178573170
1633482899
4345556562
6488027095
5833500931
4534585823
6240133967
1139756036
5542339968
1499749402
1524877740
1061043870
1016669338
6313041317
1646087083
31593145
1359583682
5670910353
5037286694
5765837862
5876244777
1564270005
285044667
2330379407
1943210231
6329688325
1156869484
302313148
264783560
1677356227
1534804089
1100684161
717960500
4020706428
4666322156
1017550667
4074661588
1536442073
1645270149
197944962
1470420759
331339733
1585644123
421570193
1336775969
306002766
3300507373
2109723597
6296127849
261223273
307423103
1466941313
6486384088
4710281839
455959423
4801993009
1447862034
6236570883
973309089
548647159
519089555
1240153613
2209016935
1964124312
722090203
312074953
3227960847
6300335612
6492150664
1546025559
45366293
1653530656
183668164
553563660
1334734572
975110659
2021062614
1581493643
5586519062
1486020688
1357386248
897752721
221969008
328117789
1239254263
396659936
3500444922
6318169740
305687869
926247941
4093889211
844313415
340446381
2230382770
6227793498
2305660185
2207021065
279010202
1466530004
1155276682
6492786267
1697005435
5724313985
4569545258
3076532536
584654195
1716118461
258109396
5338073799
6460774038
6061125001
366236511
253507751
1587337602
2242617701
446098765
391817360
208388470
2325193156
253761732
6101588313
47017762
1141885150
462500340
915661984
2217787161
4130240182
6225191234
370887478
1723925224
2289018326
2053259703
4394946193
4090128021
5985676746
6166809036
5513917202
511622551
2330544963
5670960441
4768169458
4192296772
6215680052
483552339
30901414
3407001790
6213214920
351420512
5572676574
3173070532
4185145546
2077934253
348451173
272642200
4696004409
55970605
3032300075
1984634653
666801710
1110360181
2930813809
50876469
341447599
1554414084
3263241828
4570194393
1808793030
1019652589
733265203
417110181
1054309241
348716645
4457156650
1034315189
5369659237
2300743440
5786505372
371329723
1579054161
3171846432
1094999
1965567511
621583136
331345276
4471324132
5444854541
3838997493
362115300
3530136787
3235615916
1052591166
3955412460
177769369
4977000794
48771264
5974300430
1706321084
1441211405
2378385117
1508043677
528273238
229412789
3689258546
2691752096
3168759598
5855656719
1396349746
1114491386
925411220
4822381504
1133515386
342231767
2256536170
1516137645
328733598
504123808
4491481441
1431814107
1130165239
5983841331
6352441899
384199260
1565609768
6030929396
6000748771
1826539491
2230920860
2219919291
237763601
6364825337
4971796
352227766
5967893332
2581952587
1734933616
6238784874
1474655024
2752340846
4340531197
1158396893
1473970005
296887022
393316344
4077383387
377746699
349905199
2981805719
5868940558
311274374
358744154
270289974
432582205
180159216
3216836659
1675806979
453693586
4002325169
2114806430
577737375
1460875605
6109737991
3256169770
2057314541
2364805892
5726955254
5049871288
1681211897
308105409
344316955
481397617
5893225433
387951910
224759972
200273076
1093744424
4369250028
1943626720
1919238147
638030266
516758526
399426294
309903824
5428815083
771297253
3624667037
438524972
3648818453
4868758703
1121336984
1044618660
4309329582
5504919967
439654138
5545909780
1416908034
581346449
2031771884
1953014736
1916130158
1102010717
1566531720
2232511539
498545303
4618613677
6197927832
338586083
6423514990
1363029065
1479286874
3666282229
3950148935
6067032539
5853677346
1468766687
1837517736
2287981410
182991542
1622595435
1560303473
5992282939
1277063890
1553457295
2312527150
4316289223
5103898715
335670901
228645381
5720536344
6219938182
6273184143
1204493747
351223858
4640217456
4819385318
281286278
6524436993
287058078
271290387
1059067739
257694063
4832645481
6380153400
6523412706
4304082487
2207516731
1435932582
427852629
287059403
5754640419
6330844955
1050546756
403832532
375595225
30116414
5945692315
507835144
3987651304
2083086656
272426679
28602046
324306062
1413889041
3534377012
981080556
234731000
1556498968
1256723694
5380412480
600004837
198066738
705657123
691592692
9034016
3996107651
3939009364
279380737
3046535722
3492307930
354185769
245675834
5725095229
300292482
644607204
3111017420
183483865
212692906
1547954196
2572402763
4174735552
1558501575
3658836530
1525948936
4259308059
6232796299
1642920382
3190142564
6012151508
1331154394
1666283959
6181570456
3265400591
1065506524
4739281819
4753967868
5031676710
749630411
6523671278
5425947995
1532032517
289129429
6028148215
3032996751
4090947362
39205770
3257502124
4523287389
5536871620
6429650377
283004480
6374727379
1590801457
276369601
406079381
3063404465
3107425250
2215966098
211823404
6134810347
950640176
4284373936
1484410591
6101027655
1216817618
513042440
310101275
1523876523
855928678
27611015
1478020491
2036740703
261251739
302817017
3436161695
569753353
4048980055
4061648872
6195329800
6523617080
4771894891
3461621907
31924096
277861854
1950704137
6515794275
3033147321
300674593
542861163
145335443
293701596
5861600286
4155058756
1483747205
6264973806
580810260
5594538263
6081971466
851349512
997367383
1467006053
1197727885
5537562593
3965511098
6436165391
1773457764
453920239
3473153253
6085086352
408521554
3408755588
464902866
48335853
5083212430
709711734
2255825966
1359761910
208939922
3806948821
27401327
1565818199
5512666792
709456161
289752098
6046430205
342693457
1168883781
1231728170
211952235
3417733948
1326705501
607419720
2265955880
311362889
1915786481
5384365013
1930208323
291720834
4277299169
6486551593
2083209225
3945153766
5787374976
5320721304
5905785516
2285567106
2252107334
5760567114
5676538437
1814786300
6205639725
6300691995
2270822609
3076047199
4882434067
2057796957
333512759
2091409269
513099435
6505261355
5914266562
4021731607
1475527990
6523375670
1572665191
1412515896
2090618554
1048476461
53213997
199787033
1493399192
900678042
474026994
2644902971
5636194131
6425759467
6356561013
534430956
1543951300
309884670
5881680780
2370338484
1538390151
3057007984
1941017331
4024822290
2140056319
1583760380
1595606040
1477239556
5359262987
1552645538
1655207190
6511038671
6283658538
1442785247
6181715953
1002800112
1696610702
5721960092
6459421846
4360573937
5559413300
1160328718
47227755
3075924672
2056514807
1195604579
2909762414
5701137269
4766502633
3070727030
6232093262
3286614504
6267540149
218533137
3301590206
46166070
4465248674
1034589691
2356752655
5684869130
99973
2005884380
674991077
300509060
4915360040
46717279
174869356
354735932
423750625
5619300604
52380470
36946239
482960259
1041904065
200071068
408168844
6273559364
5266763308
37132873
334754471
274573132
1790344678
3105036799
6436522148
393599451
512471020
5924612999
2946461105
5597519883
175697928
302092275
2096216024
1482297833
6036668931
371947498
5985376
568175146
283479994
198761900
650735297
5881921622
274778641
502584707
355279614
6073674994
1453866963
1535516834
2233778095
5982914598
4254386971
372619699
1574097310
5940910678
4646627008
189680195
187260861
2257904238
313509959
1352113018
3630878337
4073093864
3433983942
345257388
555408532
531303208
30194508
361222004
3293907828
5868145726
52261058
1469507742
639570929
6266577938
2229995979
1336730499
267877649
518228575
2182600283
30400116
200075846
6317220726
2288196340
2942029306
272772067
562060780
602980276
3746127219
52450274
292679323
4043841505
631884136
307416428
5371930845
2164895029
363378611
3953265301
3582631034
40819876
6000941028
3627228348
17963384
1190079254
3589195
624919752
329092425
176800431
6118295386
6341386430
188902722
300264989
3585561411
2920543814
11870151
254430165
1382043772
4682705678
317927542
1932525404
234953340
213105687
4706671387
6268574545
1422237287
3407717875
4212611218
651166596
1962949648
1415685824
21157314
5997353228
51117905
4567689094
1034984729
2269775029
5060247431
12920744
1360333811
580225000
479697321
3162292290
6461429259
1451885350
180610570
15890943
705764048
305709522
201447744
555066006
6345063322
625147312
48400419
3641190106
2315354028
3128507770
192306381
1808509628
26655568
419174254
13620157
414728601
301278030
351853822
353970098
27703025
449268367
4862724307
1124482777
2373625098
941676716
203478368
254185800
593552572
44621143
31988492
13728867
349719554
1089155980
1280391194
28121404
411813758
1207575289
595594462
1657605037
212963949
5001301019
6108849870
