4936729113
1246105132
3440202149
5600442400
2960893994
5385780635
3432909733
4248786645
5705029633
6282554177
4862551936
2261936741
3308875651
3964377733
3157479050
3002279052
39857853
4988723863
3068949094
2098990722
4428985029
2280477784
3068949094
4086489643
4964827345
1923929003
3556761766
4011906544
3058073072
6311022803
4509503329
6266618028
4509503329
1969147272
1731505661
6083029347
3860431359
1732415848
3500095046
5950105970
337541938
4086489643
3456201354
4573425060
5382383711
3231868145
5743716746
1434351988
1434351988
1434351988
1434351988
1434351988
1434351988
1434351988
4979782014
3070541590
4151342961
2315205382
225839186
5487607284
4613853828
4613853828
4718797208
1483723791
2317581578
2860189408
5568231534
2533224266
2296312747
3232824940
5944750788
5593604199
6350992243
319625281
1995325722
3233464141
6438748852
5003854601
5662176217
4272525356
5705029633
3504628588
3294037654
4523031327
3556761766
5705029633
3231868145
6315028518
4851092607
6462500111
3069896865
6462500111
4946963485
2367058601
6352306144
6238453809
4789280080
6238453809
3079346778
3818427811
6438977140
2989711389
2989711389
2989711389
3584026729
6454669847
4143805046
4776767782
4613853828
3503950094
4767845016
6311022803
4614609940
6008448698
1643473598
4643479651
4643479651
4643479651
3503950094
4613853828
6071579052
2247712462
4260591069
4068883729
6033837056
4403582683
4669914011
5786451814
6072235208
5368855774
2082670967
4140981820
3077583647
4140981820
5567071899
4025987987
5469790781
4218621749
4218621749
5756078851
5585959329
6158128473
4077253630
272397396
4077253630
272397396
4035184762
865384418
3110094891
3408832781
4237882765
5326611847
3244742468
6223453451
5971806323
4217911309
5971806323
5971806323
247163359
4192343189
4291143476
2950376132
3990299176
6252484456
920465007
6252484456
4515208707
5013807969
5467324118
3463385877
6336945016
3260911701
1564776038
3086401001
6433712239
6433712239
3118288456
4035296191
3442073918
4035296191
3252001032
5410097954
3929406590
5001824924
5001824924
6513661274
5551166004
2307672663
4803031534
4228673835
5648850097
5648850097
1662252154
3066891750
3066891750
1376315548
2532749404
5536205688
1796503801
2532749404
5567071899
4086489643
3041123516
3135516633
5624500702
6390550315
494529741
5575074619
9009035
6475133203
9009035
3943014629
1553077369
4248786645
9009035
1438776857
6337004404
4522713552
6359842987
5899539311
231270185
2606057961
4845322539
6338690223
2274141465
2274141465
5768085969
2274141465
550591138
4608029639
2231408299
6229458933
219139569
299059242
6069651459
6341549065
275973532
1536617490
3115526441
1245880382
4560268695
2313680427
2368464357
4560268695
337184964
6359716620
4267204230
3850454282
5909832314
4267204230
5537920943
1305951460
5594254297
5388294235
5654741409
604976185
6254027279
2042083083
6158098677
6071324445
6358349633
4358442998
6358349633
1645728466
5464301953
3253504240
3253504240
1412541878
6461182509
6454496173
6311022803
5871574907
5871574907
6311022803
5405728403
3266724949
3266724949
3266724949
3266724949
3266724949
3266724949
623519549
808157367
2896250186
1643473598
1635012630
6252484456
4852593888
6505089217
1293960340
4748899302
6505089217
6505089217
6238453809
683875764
4701437377
5563877009
4041321930
6486510071
5971806323
4619923886
5923939455
2993104235
2993104235
3234711220
