5636122919
5478335767
3682396530
4485858774
4271147453
2905882071
6352713324
6312598833
5385153588
6501133823
6435999522
4135370018
3925849936
3598820926
416711874
328278460
2313689006
4488910644
1653814179
4504104715
2082645797
3662513595
3943393010
3565655264
1904948189
3629092709
3969940241
2534280877
6443426330
5598119945
3404791267
549920715
2338737862
2570112793
3297005858
5652185208
6225532811
1526937670
3805713647
6463082388
5326631102
619624696
6226382912
4678772519
3262847782
4935017408
1980182442
4219339209
6415163820
3940957021
6214965123
3252914725
1440457167
1082625973
1833530531
4673547851
180206527
1652770609
354671679
5580631620
4757087135
1534487771
5665588969
1539326384
4563431764
1909167915
3055848067
6224244543
4119049042
3703143345
639878231
6101698371
1931119967
4589355452
5877724966
4976773900
5386050588
4675190918
2216573307
312501686
1320057270
4877389116
3035131540
6475133203
6034468447
1907699646
2052991280
1535872939
5545882333
965565762
1827224483
3068331986
5439593123
238788253
3916174132
4848329062
5633061817
2123219001
520158185
5359165068
6088623370
5140017675
1992495566
970697684
6251749752
5477206000
5861107868
1603021905
5983765333
1723710590
4783103728
5506561082
6193343411
2938415967
6165124850
2130819886
6214818876
5525022509
922289093
366034011
1817164187
224298804
1718810203
3412928164
3421466221
2989508449
6156935056
4205045086
4068222440
5317428586
5369821392
4842877102
4760026502
2333920254
6225448600
6248914619
4219711095
2270659883
5645347461
1552053372
1925212185
4210705008
6320360712
1546392369
2344967119
6485284842
6450098902
638617862
1397786642
4034990413
6220885464
565048585
1412525461
3428014988
4085744720
5838345974
1714861188
5889504265
2310420790
1798702921
6460024561
3973516201
3533166369
5508388908
1175108083
6517255511
1663688214
1577579306
5114052808
3636347529
5706958257
2080129642
5475850561
5930012745
5638431874
5895322805
6246730704
3319495462
3137292860
6477263923
1722507184
3254629021
3521528783
889179480
3968484073
1041250588
2158794436
5386467350
2341949417
5463870502
306170146
2605958169
1235758696
6234908440
6089498398
4831585457
1530932951
6159830705
3044400006
6415906625
3723834031
4784163240
318771712
3231613955
4579082277
4973755978
520440335
1497747246
2317542679
4732605800
5456323726
4032438989
3690373126
1635668720
2136502109
6322331840
4136535243
2953410549
5370465947
2305487190
5602725855
1792543257
6404752003
1621951899
891907563
6513987964
2154446936
4715645191
797788715
5884218063
6040161275
1695147663
1712930522
2519241917
5326214915
2861695420
4631876398
1997018364
3444866462
3170582901
608340952
5545642527
3468154499
1407095782
6038479590
6252319503
6537628219
2461743395
2968935502
1516071468
4488214813
3401391062
1275081308
3947062151
3160869007
503322181
5932285644
2894321615
4101438940
143814262
5416376311
4987885030
2817235787
1659196658
1683273808
4317810727
5801633129
5687693615
2209459797
1614653194
2813348997
2026595153
6426223426
5594401132
1813320314
286176246
2944700805
5672083633
1524988533
5944201234
2014128579
6244740795
6502824870
4559285942
5556550291
3116890767
3976359231
3191290614
3021777119
6247306141
1943559166
6067258165
4034924639
4028965960
1933633654
1288590131
1394430370
6534495739
2545375093
296333264
6263035698
5401701452
3458612239
1543195060
5809361596
1362602935
3029555847
3417247494
4148926413
6158595482
2225683860
6547981638
3553234051
5315515856
561750495
4345891276
2312225039
247632837
329544115
3712416651
5783609470
218562161
3982208885
5501863585
2273276179
1061270041
4626038920
349036974
2930574064
1615911830
5800046764
5994628206
3610036724
6130552038
2066332433
3260190530
6087724140
2271263376
2190688419
6193407521
2542778996
1831599673
1587545970
1445191456
1231055339
1381439142
1201660705
4128097760
5340367267
4580881936
241576251
6076103704
1557155056
6472212699
4468033454
6331413699
1521985830
2686401205
6540412031
6408500184
5763326578
6547588310
2029733874
345464695
1740824549
4122589270
4075614382
6159983197
1597004113
4921811117
1519675299
4175856776
615489595
1485473581
1655697840
2421342340
3916155455
2132727805
4824215631
1456316178
1509885317
6428193645
4072305777
2113371579
3575276136
1964569965
5563726539
5580188422
1702457975
1415858290
4517521429
4657983622
6167299738
6227646513
1633819626
6261020431
4923204619
2257461691
5324795536
5670812960
5338002041
6103186466
1508997806
5384449266
3529897588
6096819466
6074680038
4572687946
371340061
3032469358
2270789626
3015634255
6009905336
5677012372
2318692029
3052190152
4699758502
5460988571
4463768055
3243661714
4284508423
1390798502
2250956371
3887488156
280660496
5853201584
1165549560
1568914039
2993031106
4197131916
2361015289
5809433721
5908111445
4666404668
3595551020
2234879483
2227522270
2980572871
5883615988
357422854
6365213097
4818358940
2038905053
6302344382
914599195
1964698568
6360110136
3049257098
3567342049
5496322387
5748394790
6061937834
4492547369
2927684102
5943894804
4047564400
2933887225
1365162961
6265121159
4430589341
4491901735
1624421808
3924686407
5917262486
1690832824
5680730005
6439051002
1283062515
6412228083
5317455582
1551086207
4360065539
3117442694
2268289577
5689716993
3647999715
348086976
1965918460
4176478908
5558342796
4479533089
2194581303
6197780579
312878101
5823348477
1583876932
1427992253
3915322984
6555327564
3666857002
5830309265
1472806008
1146539494
6507691160
3622645444
2346871068
1761470048
2959393028
3020083835
1900967285
5714664002
1562424614
264907648
1554413609
3871635188
2230731278
3504183720
4228572864
5668831218
924348909
1284447253
376373261
3700473801
4481790672
5443999373
4528557168
4246173165
6338105816
2982509308
188361838
4872003281
3162132007
6555469479
3957264392
5902556506
950733311
3265621514
4573158875
4738190154
2859578705
2048525076
4043664149
1720742522
1993869880
5416594828
5900494947
656925989
6309172851
4980308496
6491806268
6109668579
1208448621
4735715937
1522963205
6274055255
5852948785
4130806644
3962864744
3925555135
337662140
4228097326
329841840
5753444706
6109389276
4726427671
6004056548
4793915091
1078998719
6219435072
6553188733
1644244868
571393871
4767787770
1657288163
4136557959
3807441317
6161631698
4216186913
6311013340
3677253069
5458201176
2243916897
5351969694
3917278332
3924486422
2223159835
5999715473
3037756469
4015108635
1479661138
3663051717
4274957754
6438075575
5930800243
1948088244
335055484
1726425731
4943452718
1559275968
2908675546
4518058650
2261938646
4252271498
254996327
2580143596
4126442914
5643599989
4574408659
4953352856
1393157085
3444709483
6272161099
1102086271
6153239707
3933232680
4548480578
6264446373
5444980689
6179795484
4659789548
6459825289
268191774
4056833525
4353587162
284113498
3941399246
601822621
6487118177
1429679417
2684997447
997277150
3655301982
2016219000
2290513001
2959251700
313848117
1928493308
1573323702
3082331862
3505361949
1955466305
316107464
3643120045
1539862809
5966794951
5617367453
6224312835
3177798842
3086696693
3115557903
4401230039
5577586590
4145009055
5814363331
5792265482
1831940393
4251054624
6444221377
351618841
5543974320
3957652017
51602201
6246682006
5472813092
2301808079
5598591088
1133821744
3290958573
4831168924
4308956131
344073079
5886600855
949059650
5688019912
4985913012
1693969704
5849887294
2073142218
4190548686
3439848300
2961759382
2326683533
5480152201
3247284001
2189342370
6139534370
6435781155
2908640420
2035805432
1239839594
310729927
4542437212
2216770232
3962017503
3662487979
3167096130
2277891661
4013799241
611570938
1601674649
3082235773
6371542784
6052190365
1455716050
362694536
4324008591
516009410
4023326685
5429706396
5865109131
4189508787
6249092634
4857792000
2954499913
5811248308
6004176082
680712390
4033715569
3901997864
2274560773
6222681502
1560326317
1909669507
3886402703
1939579537
2111077027
241037717
1950719926
4235639354
3150624942
3807799729
4566058784
6274209688
3409350151
3090857148
1812936529
6034582357
5600491554
6495817803
3134714509
4088922415
5613359732
3959834331
4962115514
1498425317
1035890363
5323034809
4962085787
2051326951
5621815923
5527529207
6373502967
217864094
1649605122
6501755221
3610720086
3084212339
5373809260
5413219659
2071431683
2042907000
575861155
1925557948
6165599007
2267225780
6323210094
1732434537
4537361616
4189501325
513528203
6338450682
5875199779
21775123
3402071096
1822670517
5819411503
2998700976
4172664999
278652310
2120071447
6251480923
4932863497
4053791431
4005472549
2090277149
2954171425
2160870699
6458188750
1416367062
4017407483
6567124483
6429604037
3485000617
192906146
620059846
1348147830
4194284459
4936379132
2045287941
1489723307
3590569301
2080933849
1397863109
262272476
1521064243
3882060738
1816461803
3571006166
2332108487
6107091806
6068359487
3269049265
2199269977
2481431387
5559309206
1569076590
4063320531
6027993836
585647784
4405676684
3433747860
2079039201
6124129918
1810160437
2758839595
3254895862
6313643377
2240774042
4158823484
3537867738
2860168683
1716945233
3669850672
6374435787
3252837530
5749269224
4013752958
6197503753
4848560457
4557430708
1660524162
3037810840
3960831148
2058288272
3204031941
5923189618
2318820645
1256987045
2272704893
6185454402
1827394349
1570038866
216758632
4015880057
1443894168
6036134572
2872407327
5461321916
2990605668
5691005031
1984728492
241681140
4233538540
6018447720
3312075407
560819344
6282983294
2247564554
5992414225
6515593547
1502490426
1982436440
3006894226
2019886397
4936997301
2304260396
6106371846
1934443029
4141336939
4951263674
1663792472
261890810
1100445596
4266278115
1196849082
4482905165
3204942722
325113591
4839827444
1236575990
3581051403
543948053
4002644915
2820172810
3090814652
6518973116
420153233
3573324949
6149582645
3247009046
5721684989
6538582555
2300088814
3883066591
6332588805
4123921381
3582436052
1002190251
1726910915
1924975142
1396969410
1696297156
1292880740
5988943035
4501116174
287978567
2850925682
3878815459
5725004679
2123463060
6499883219
6138251668
3638447033
3255217377
2207021610
3025303120
4348874637
6291392921
3033821102
6224280995
5815961970
5993811296
2045172878
2147701555
4461134907
3459430850
4494881790
4653290130
3267750214
5404632116
1945308031
1771909011
6367600294
2540454240
4638778143
2955977458
3999730101
1915377242
6190565518
4673698459
4277789472
1139038638
384895968
235253622
2309966118
622338043
3623626247
6295918763
6087296925
2761014195
1948009784
5909157572
1568155450
523410973
4071446401
5379994742
1951702412
4759781694
2262654604
2015756008
3625618078
2309234288
4230525277
4649964124
2080715234
5046252040
310646365
5689050324
3557633546
4747821565
4175669396
2078531820
1368025474
5452406610
4336621763
2014843214
6263841280
4179751899
1955689957
5738696107
6270795640
5424492192
4296332279
6509433061
3120360896
255172909
5680093002
2256183028
227712616
4516893136
5924016014
5401430799
3204245441
4686206323
1832588311
6373256732
1461841202
6441685721
1927295784
5776443720
4154799402
2123965066
3149078658
1776848971
4152217913
5725724178
20057232
6578215692
2280390958
3907558080
4469424443
5919066386
244641891
6249191973
1701912300
2277777214
5394672826
3654692700
4219217403
5347204305
1499679297
3136968340
2985255551
6585295389
3701680868
4028237314
3976189248
5940974360
3919027256
4706769050
2731103704
5477912664
218499367
5982443693
1529642534
3952532433
6099361339
5349844435
6224434208
4057880873
6252042347
4323308429
5382679409
2276999364
5707808539
1963407154
3066392624
1416168166
3668679876
6591170069
3160816889
2875919482
1282641603
5983418014
6099865855
4429091207
1775040476
1907089450
6584472574
5502757082
556749890
6311020460
3651525970
4123115037
1374421055
4865651145
3575912133
6113672811
5413288480
3517955827
1992340058
5439750656
6584373393
4472856507
5849939484
4274778233
5589705034
2041917780
256160293
1923964652
3553902647
2970400844
248639843
4291335766
2065896616
5583678594
6326881246
1695583145
4618570150
5442303953
6065517175
6470982898
5943724475
578822319
1477731923
374072374
6094024863
5476397849
2901249478
3181081696
3528786744
2953152724
693687940
176130
4113920335
6436210732
2904803323
6337019754
6010799953
2085340430
5545295207
303338880
1988368257
4112542432
1654008216
347070863
1591986990
2031289648
3973311236
2317243903
1994225665
2094516492
4563676708
6573809447
3076061409
1575778534
6338941327
3987736803
5482195149
546600385
6299654572
48471377
1905138467
1689060746
1986417596
1242106545
3732713563
346423927
286836366
2246584295
3965491854
1319796345
6350843680
632262007
4079792609
6067049812
473462429
4140693540
5634131805
3605224222
6590864080
3119973666
1178265358
6004638557
1782065800
2248987004
6261619836
474681338
1484877308
3298077044
4307452847
1195022616
3036317294
4973660752
5917776994
2951862650
255117447
3052558615
6095728166
6010456809
6353721580
1774460104
5923370739
1750375817
2140396133
4715384437
2930369296
4857047542
3007135636
3594205117
3169916089
3241780202
4585239860
3616584207
2294053953
6445217846
2215373400
2283350639
1271045666
2953765950
3592153825
5353557879
1417123790
1719755919
6101928837
4412542178
6592596180
6412171528
3319938597
2277941369
4087902243
2794650817
5876772660
5645470344
4205513610
5387403609
3676812862
1913274168
1902312679
6553858871
6451089633
4161040516
5915633990
5962236590
5741356331
6420689797
5950501556
6056234354
6220736748
1512408346
6284041083
401312264
1695838242
4365375814
2115289858
970967657
2156309179
6421208687
1919723844
3636020768
4766816065
1927048231
3026561597
2463290163
3510568448
1398975173
1624224031
2241859343
3632305423
1567231406
571774579
4188750549
4063340219
4286372300
5938307259
1143622677
322290789
331325404
1323659712
5885192634
6342291627
3001773474
2987558945
304194119
4088543301
242803028
2111111130
2263827027
6212766047
7693648
4475979939
4099878308
1513028653
3929187265
1739313813
1819407130
1621915562
281418339
6568674262
6594141193
2259447341
2977273943
6034559570
241099744
1800674532
4735494668
4099541929
3950425864
3508257906
3553136422
5828033538
3192629526
5778960135
2264463855
3675549616
3570169000
5871581820
3406820564
3028774128
5317518832
2316032549
5436286576
5516484283
6591459864
609151101
279098755
6272572314
1976349286
1914459625
1746117777
2954433411
618926948
3147765400
6405914199
1796902155
4001492700
6018970842
5068972687
2958628999
2042623812
2671315315
6573711301
4365074194
4582686800
2117756159
1952540154
6060127443
5835022223
3976826381
6129930545
4650649451
4758861970
6106657542
4110012738
5630445301
240524682
3209632724
6575690029
6236638353
1680352920
559913225
2896992100
6276114238
5315935166
2990405309
3020363640
6261486868
1781517215
3033321399
221375078
1455697157
6306574132
4402163058
6251628609
336219516
5388625302
1564332122
4001360988
5818043408
5957734135
4091247135
353777168
2319047088
247277356
2319047216
6152088632
243891155
4317406812
6122247033
4836730064
6249576724
6602062214
6462274202
3094995330
2215866396
5864265508
5453885261
5598730928
3991037787
3321224657
4560280081
6289154039
5706910061
4533179008
4775868402
5845694234
5636824208
2122823074
4470467838
5625936324
1953900038
1951480379
1942324918
6245784619
6053033970
1817135639
4260166430
3062310619
4070878258
5656419909
5788337961
4951579080
2339079014
3209068083
1717127052
621590373
2250742419
3019851893
5495168801
228112709
3409979315
6107936479
4466166782
2666359800
3134527870
4924401098
