4086489643
4086489643
320923632
255460370
1498619064
205796472
44077890
3039407456
954054403
3019481642
1418653764
1462318215
39217738
1938420400
325018265
324439989
1712607711
3253360479
316514229
1698276323
4199232766
457997562
5594830931
1379952929
605119268
430224844
497790468
1559480030
1204029750
572488258
219011340
15134393
4400208218
2996651437
1371124815
4248786645
2532749404
5536205688
1796503801
2532749404
3041123516
3135516633
5624500702
494529741
9009035
9009035
3943014629
1553077369
4248786645
9009035
6337004404
6359842987
231270185
2606057961
4845322539
6338690223
2274141465
2274141465
5768085969
2274141465
550591138
4608029639
2231408299
6229458933
299059242
6069651459
6341549065
275973532
1536617490
3115526441
1245880382
4560268695
2313680427
2368464357
4560268695
337184964
6359716620
4267204230
3850454282
5909832314
4267204230
1305951460
5594254297
5388294235
5654741409
604976185
6254027279
2042083083
6158098677
6071324445
6358349633
4358442998
6358349633
1645728466
5464301953
1536799736
4208701319
1814908271
4001594537
5888197995
2272372141
206763643
566677401
379876488
177783239
1485971541
