4936729113
1246105132
3440202149
219011340
1498619064
1418653764
3253360479
954054403
1204029750
457997562
1462318215
1712607711
4400208218
325018265
1379952929
320923632
772646619
272121985
1953103633
1275088336
195916173
2221143799
5345244720
429398203
3272010078
1739637834
1192434089
385367548
244839142
3909128531
510039252
4140147498
2019214326
526547753
5705188319
238291092
5513744166
5550269940
2056934399
1278262088
282900864
2223056710
3574550538
104915135
4001594537
566677401
504194180
1536799736
5888197995
206763643
1814908271
4208701319
1485971541
177783239
