5636122919
5478335767
3682396530
4485858774
4271147453
2905882071
6352713324
6312598833
5385153588
6501133823
6435999522
4135370018
3925849936
3598820926
416711874
328278460
2313689006
4488910644
1653814179
4504104715
2082645797
3662513595
3943393010
3565655264
1904948189
3629092709
3969940241
2534280877
6443426330
5598119945
3404791267
549920715
2338737862
2570112793
3297005858
5652185208
6225532811
1526937670
3805713647
6463082388
5326631102
619624696
6226382912
4678772519
3262847782
4935017408
1980182442
4219339209
6415163820
3940957021
6214965123
3252914725
6374524795
2141133891
4237947207
4024867582
49223746
4917664415
886433451
198123402
6314427914
5944726785
1563624717
330344710
4719507648
3585949235
6107635026
1495866920
38308001
5820689637
1334941871
6039021098
6063486538
1625342116
6044315586
551240368
422264126
6457164593
205519841
2895897160
1187818629
6553252635
3261693642
809682161
2204631586
4979913015
2642452425
202676630
3881509829
246579346
4164431477
259023451
6016201642
55624920
6553706384
2475693175
944617996
1225598979
450722245
3315632621
519077569
381999562
204897991
318289199
6572216066
1799473346
3474316164
3159448273
1673291571
1688950997
2019062839
1984903276
2205312599
233712102
