6220564007
6220564007
6079661568
6417816859
1222552025
6255229718
4982124649
6255229718
6271551550
4287697928
447456415
231708455
6098759451
5692249065
6069497821
6432432902
6430604179
3125691045
6430604179
6212166233
6271551550
3250805456
4291846262
3623939455
4875754618
5486980715
3508618563
1643473598
4523031327
3508618563
5894155300
3664251799
3643490107
1904490526
5775946875
5775946875
5775946875
2098744597
3084159028
4874021410
3084159028
3084159028
3084159028
3084159028
3084159028
1781893653
3994717087
1781893653
1798767118
1781893653
4166040941
4438483497
4562705260
5316318011
4217519746
4548618694
4548618694
6348668180
414314242
1614556106
6300138898
3501954985
6429873571
1744397891
3149145902
5583467040
6177650861
6235302472
4172785308
1445812100
1434351988
3860431359
4509503329
6282554177
190304669
5809240974
5391019247
6092530007
4392251353
4701437377
6179418234
6101565854
6101565854
4092198778
4514011185
4683360250
225839186
4234920333
4720650536
3901078030
6163609903
6311022803
3867806547
1571416091
2279928844
1446002993
4499351299
4175368701
5973266093
6030191678
6030191678
6421785509
5495456510
3116260470
3508288340
5587243964
425823526
3028003721
579692566
2180676803
3011510777
2362137014
5589791833
6272499284
6392098766
5433742037
1457974169
5718160044
1822250857
389629916
4491594148
1930042994
4923046254
5053882721
6239221228
3105264974
5635510915
5635510915
5635510915
5635510915
5635510915
5994428664
2155151676
3473040050
3463385877
4373950510
6213134191
2483228565
2483228565
5487689280
4684819656
611737472
4732722830
6317702458
6317702458
6317702458
5973177759
6155730265
2033966905
4523151580
4523151580
6238503396
5487641320
1563331601
2048083498
498917550
2210182144
6295229232
511218214
4318417245
430829259
5487641320
2267932975
4118344430
2839054572
3108649135
6445207565
3596399296
1424871374
1424871374
5501550824
1424871374
3596399296
1424871374
6005607385
5493824375
4093166241
1647246773
4366187363
523370135
3011835028
1723732159
330508901
2150587824
3440202149
5743716746
5809582365
3826342331
2960893994
6377075603
3641074413
1478429923
3135760421
3556155958
3556155958
5625995661
5625995661
5625995661
5928226685
4809264779
4747223475
3149078668
2082670967
5536205688
4574408659
3118387231
3434117898
4086489643
6387857672
2998326906
6387857672
6387857672
2998326906
3054884525
3054884525
4171794540
6387857672
1580490421
3911462061
5685809597
4308330532
4044731359
4758182308
2261922300
1399110559
2315205382
6095070040
6346234269
4050750736
2932274122
6064826020
1433701098
1957161290
2035800610
2035800610
1467598009
1485785301
6204995078
2244605983
4044904069
3019693787
4657513736
5694549159
3624351199
419351983
6333485994
4793607034
2984847172
303656646
5637161912
1607128359
3520122018
5885910815
3132483506
408046718
5551564293
4319438137
1823228672
6342141874
6352231095
2127620656
2127620656
2127620656
2127620656
2127620656
2127620656
2127620656
2127620656
4876280038
6328766358
5934037464
5934037464
5604411590
2182340764
4475671860
2182340764
2334018242
1908045661
4174737783
4003209296
5537911539
672172661
6315028518
4674039356
3296587534
4026601014
2046628238
1428969820
3103672025
5377337379
2259146894
4606546031
528271803
1803878056
5798587883
1950714067
289169306
431211428
291048943
4043440262
4043440262
6226509610
2106703762
6422717894
5545172135
6422717894
6422717894
1972125850
4946963485
1389514508
6422717894
3826342331
6422717894
4545840486
4607083007
6218038420
6311022803
225839186
5520455858
6311022803
4234920333
6513325479
5909832314
3021893901
6235302472
4970830257
5478915543
6420923449
3262736659
6500577800
2236742351
1187294243
