3146989613
2142887040
1282510672
3987419236
2291740195
406311555
3026561597
322290789
5549821072
23236198
4922508006
3107026441
3128148756
3001300639
3567342049
4219339209
555431535
146077368
3505256625
5269406620
5912087108
2234820824
1696962619
5366886802
203757985
5549712000
3475999822
4137908153
2131452585
6292305798
1833530531
2398468704
5998828438
1998623721
1277431219
4067401264
1543015744
5664108800
4171999453
4469424443
6343213471
1190188927
720116306
4126996266
4884993610
1583876932
5765812308
1914669126
419853817
5924016014
5731631812
1534529272
4772258705
3700473801
3453500157
2281443098
5548344313
6463082388
6322155764
4922804880
1465410330
2797181291
5766537169
3860596021
4178723827
3412331099
4467464755
261801055
4687645272
924348909
6182803417
5895322805
1926334776
3486527739
3985793554
3041782654
4213750005
1524791522
3870589221
6042008611
187992435
6084495050
3026442213
3134057871
218562161
2534280877
460982243
4698056923
314054805
1483750014
5908543020
6282098067
6440630419
4639440411
4796416618
4239775476
3943393010
4395407327
2328550713
5317181512
1439589168
5318529316
6010456809
1579417964
4461659668
5577300629
3195637805
3807799729
2944529252
704910439
5900669919
1965736763
352612439
6149116847
5369025101
1772157815
724307416
6173423970
1381531230
4810675477
6432423861
1501036919
1663083487
5487488562
6278512287
5397738232
1997934048
3036317294
6436722649
6209343197
1993869880
6024051354
4122003688
4194403297
6376865872
206732545
631407829
5910946871
6437707446
3706658220
523566790
3230640158
1522963205
6039710771
3014440985
6463741856
2221168782
2034849337
5991204636
5416594828
25444157
4674267534
5657370577
2141225118
4466273568
5508855757
1534452378
6420239189
2257461691
5798432321
6291572996
4174878273
3081360218
1964191251
200486997
1514651896
2202426555
1118035567
5589151119
6248336546
1633620540
6247699546
4265094087
4468690770
571134333
1989305229
1608604692
1573347736
1590048904
1190229853
4267301730
2908467462
6439719216
4294891725
800369352
1021097705
5310894995
5354397918
351586773
2118574169
3925849936
2323053491
5869488261
6460979540
5461739168
2260848792
1972023959
424660050
6463347670
6365685593
2272712020
1005850960
4811404092
4749938870
2459436957
5618886919
5468005986
4926136031
333675476
2313689006
6062458360
5783641808
1501131948
1646754833
3908331446
263438837
5836650756
336816392
1520028432
2134706995
1997005821
5800227954
5454792417
4523151641
5889800697
55332877
4770890400
5522609548
5697930815
342292756
1428383938
4845630029
3292041874
1467374297
1433932686
4212835635
4007538661
5515828475
3620852943
426815970
6463722956
5572049983
6352713324
4784163240
3565655264
2758839595
304185991
2104740917
520440335
2885482776
2570112793
1827224483
3629092709
3805713647
1497747246
5889819096
6322331840
5602725855
1526937670
5456323726
4678772519
6068670824
585647784
5415210320
3254895862
2490268312
3071778949
6350712419
3969940241
6307747150
334458103
3020083835
3086696693
280660496
3021777119
6193647662
2694514499
3191290614
6383976333
18219228
2052991280
5401701452
551998984
5679351716
4563431764
3571006166
604515245
2279615223
3409234746
1955466305
5386050588
5888644952
5665588969
4976773900
4955466741
625359181
4673547851
4172664999
4290571205
4479560373
3556761766
549920715
5514479926
4675190918
6097732044
3537867738
2812491698
4463768055
5593670403
2184432222
6059890910
5633061817
2205799694
3173825709
5642210915
2080715234
2273340781
3113727387
5394671427
3147504079
5689050324
4662640296
4935017408
3304324202
2216124170
715656064
3209531499
6435267044
4857393056
4055765586
5476361020
2199781707
4345530869
1576103178
2271263376
3893599028
4117616437
254911700
4702614109
3833656974
5635970229
6459825289
5442027177
2540454240
4428255494
1406664414
1948009784
6091403148
5949837364
1601674649
1423063011
4759562535
45196105
6412247377
649166669
1689140786
6260752160
2149030669
3250149451
1831940393
4183761922
2537462371
2038905053
4516893136
3291147694
1776848971
5830385592
1963754420
3687240196
6306574132
6236638353
2156309179
4337905812
5388625302
584378443
6427706566
4468033454
6152109952
6328508366
318930034
3257506139
6326040293
2980572871
2190800606
4179600369
353777168
4766850971
1517865981
4864827649
5612250997
3035393449
6061937834
3007221326
2097094629
3137924463
4081583874
3263898011
4246549428
6044613469
6042046137
5818043408
6356054292
1905089819
3881276173
2336485050
5742830720
2083290549
6371542784
4247618409
1971523551
4063340219
1646736518
6108269799
1906144224
4149018009
5312488158
4071562975
6080543836
4135894721
2080129642
6334262494
1998228773
250822870
184554828
3007086304
2273604775
1330336856
770457878
2931145309
2315700154
4057880873
1001285207
2050687938
4555674216
4174979526
5825376307
6272712046
6422613046
5926808406
6158595482
1039368290
2239621990
1521064243
6396902617
1997018364
1460615934
5785646077
4421113426
2263827027
4732064583
7693648
3141234886
6355726855
4137175830
3116687114
5378213094
3256823252
2212323164
315411198
1283062515
2115651898
6299698432
2217384616
4000297803
1922851320
4785026229
4491187570
3254629021
1816093714
6144265632
2968935502
6249191973
1690104294
2199283282
212425190
1803084576
4761099748
2030738679
3051117567
3014540876
3285943825
2319024365
1478744780
5956025868
6276438458
6251035208
3584479986
1436807362
5846098558
4332543837
6058634836
1564561161
6439401693
2069699557
274233708
4775542594
3052558615
1558255894
3298687157
5976828201
1998717144
6439051002
3005864427
461331851
3256879371
3859117857
4568255704
6128616334
6261538160
3935275365
2073952162
3430235721
5023738390
937120879
4174106111
273858064
5744398371
943141757
4128876073
3537298614
6112208075
368756981
1651900293
1519675299
2541463934
3043579332
6123806668
603701602
104865036
1650666813
6451320365
6294802315
6199247393
3488884402
3170632983
275181505
4508302222
5949160950
2367830294
1652151096
4358331078
5384449266
479451929
1986626369
2887588201
4256814432
588165331
3960475664
5355527343
6097311136
5399043619
4649059099
1740824549
534413938
4738196839
6304857436
6313999209
2292402355
424097546
3141193546
6024962455
2215054841
6468630685
4192068803
2300088814
664985141
5714403605
4007677372
1991238449
6103117372
4578154083
5470957957
2876295673
44410682
3941995587
1530466581
5457219372
450597401
359633612
2974210323
3194158102
981548589
4104128776
6045707617
3864240680
3084439166
1910333404
180925250
5360855251
4519442196
5522530538
5395163654
311265250
542914408
1530442116
1263508312
3520566739
5798848317
4701142188
2695227478
5527439610
4102179966
2315245067
3055528924
5741033158
4110064453
6258432861
5741962217
279868053
6363540358
6436638778
1775246512
1535512852
2007480411
5598119945
5853201584
4006292991
6348621845
316107464
2216573307
6101698371
219040163
3503759775
3299735497
4739772080
5877724966
6207591399
1951702412
3029020087
2299956010
1686000128
2294615832
2037853302
4982009626
2977674294
1461855400
1617690344
1021797150
4050640317
4713714680
306773930
3065332389
4459909155
2090933823
4126442914
523410973
5909157572
6198997378
184989355
2262654604
1581128538
4521581450
2938987946
4916256731
244002417
4456169977
4173517201
3080650545
4624715171
5468938779
4872946984
717097363
6318652101
1950656117
2370238231
5311016896
272950813
5697580370
3693141879
5908111445
1239839594
5538538953
311380445
643872098
1148707364
4346957289
6171736063
3959947470
535880650
450691322
6408670555
3161718206
6243261168
5008949241
1522696906
6289952449
4818841806
3532588740
2989508449
5344182478
1639732977
982662272
6335079271
1483024902
3238526999
4165409596
5422754189
6214818876
1626728494
4021004098
1911071676
2917287746
3593983686
6469323268
547813307
5353544871
3245200077
5935207472
4261563668
6392726749
6446409245
4847563165
294477065
5725724178
1645771570
6019437096
1782660391
3470444642
5917262486
1959792470
3595551020
181101625
3117505854
2318829726
2234879483
2227271100
5684060765
6458585655
6260309531
5790321483
5342703681
1536762955
4156721982
1181054802
4807618903
1338973575
5765683490
365406695
6445492389
4656425979
5558342796
4606614765
244641891
3181276144
3510272141
4371352463
6251480923
5505522108
1536287751
3006666754
4154799402
1143947677
1571180992
453188438
2253832142
1285471616
2250956371
6363157595
6448915122
2942358241
2642389849
6442798823
6093429597
4298783456
6004813530
4148632860
2538525563
4051649977
2871270186
1811893263
5598544162
1685095639
4102938485
5531752965
4995705939
2063925605
4355559663
4025842629
6299639547
5704142604
6474180562
4095781515
4976558889
6454496173
476006115
1832065384
6424673314
452011686
1989156067
5346281934
3969645363
4574553956
4466073284
1084687893
4768890890
6246730704
4957415846
4104285942
6268570225
4145832863
2289820915
5556498563
4973060909
6435847160
2586002509
3438403507
4017863086
6225317885
3241689356
3318578649
191696960
3534671927
3616584207
176130
4114688037
6066384311
1068685964
5617965627
5353557879
4468156162
1502490426
5918989760
3918563787
2286212156
3269936104
4643579190
3238265269
5666233592
529505063
1158947431
4258838025
2278202548
1801441198
5763561176
207070683
708492306
3007249444
2291606375
348086976
5012253114
1955504059
2977682448
1607909215
3169916089
1398652494
5666664122
6337705488
6262795194
1648158182
1697140866
4054585572
4248928742
3593866476
6161555481
4413343952
2987823335
3246897853
6472873603
4548000045
6474267561
4032508512
701184143
1559188367
880643438
4628055289
4944398930
1392377542
4184759509
1419256716
1485473581
6324400171
3575276136
6415468151
1215518644
1648692165
2680848532
6338941327
4631851047
4786747095
1441407280
1035527349
5327255509
3499978902
4040047181
4557080538
4398097314
1504903126
4625159411
4643754818
2887193553
4827967492
608807180
3893304113
6473007116
6444187383
6341842767
3780109926
5887230076
1454973323
840036807
1685572571
6378045160
4091713242
3217933874
3036372340
2367281696
6027193380
1521754848
6281460319
1538398964
3591689208
976048833
3952884035
723570507
6194061227
2204364199
4824215631
1808878314
5569737390
6030693484
3706729336
4057349933
6101474046
3497707620
1325511158
4848331299
2273755292
1256897948
6351113601
1664587882
5806299693
3574187266
6463140040
4546951656
1624082758
3190135237
2262519970
5828818278
2659755575
2194319672
3067079766
5563444173
1236575990
6274575991
6345311201
1732033309
4741496733
2304660608
6329840596
3243893411
2451379139
953003119
4236885384
2019489649
28410139
6248666441
6261455315
1499547973
5721320808
1467849195
6206185289
1596912405
1449781144
3946241971
2338737862
4807909814
5600834562
1964665923
5598079572
5580631620
5479244595
3952532433
4148755772
3505957270
1518624977
3916174132
1577206800
2223273231
2942931968
1082625973
6102372954
1683273808
2141790683
6324052555
5676558450
6471977802
268191774
6253490951
3924486422
5084444085
3654996523
5730195693
1614617503
2231084183
3952875934
5768354916
5443957877
2024708522
3444709483
4289800278
6428292200
1584348031
1973861005
1559275968
4193546824
5389539383
1945308031
3177334860
2553504154
6300043187
4477426807
3999730101
4704983147
6427206528
4216878230
5861731114
6080007336
4483685793
5973898399
2313891199
5840282919
1837395525
5826272355
1906090587
968084228
6414940132
6320793902
4038040443
1443713830
2273530894
4197887099
3041329988
6431471841
5801633129
3541719056
5786726750
2298261880
6393117478
5523226716
6360829871
5364665357
2026595153
5889940696
6422320955
6184932025
6470215045
3918410714
1464495162
6331114983
2120851068
346433146
1733460561
3086751549
3281333631
6471696798
6015509731
5950395577
3656218947
6462368069
2246368890
5326214915
188912828
3208186747
4189033946
2969134772
4706377890
4279948629
6101745920
1497294915
4677316437
5653925962
4222630229
4489298146
1573656857
3254891895
3985064892
2317542679
4572416688
2232391693
4334463198
6469362606
6360110136
3274249431
4579893083
6442245490
6267986571
4001492700
632211038
4332438877
4138840749
6256824312
6315219272
6318634833
5809948646
4334961556
2878889389
1240663372
585563734
4019980034
1904948189
4821297289
1986142458
415309957
4237704876
5647796230
4015428706
48704647
5734142123
6005734890
3432793228
3431140776
6460024561
3879871276
1123702517
3269294808
4831961491
4150606805
4943638786
5114052808
2168574849
4470724231
1452372772
561750495
4767740024
5637937644
6009495771
2042853613
1499806053
639878231
4483533697
4502079811
3043918327
4546996839
6120004594
4155470277
4427513457
3828817823
3212823064
6485170437
6220885464
4130786177
1922118893
4293827291
3682321161
5277994632
6103902651
1035890363
6117937084
3961579984
5845694234
2129887250
4909078981
2953253855
5368388006
3940866490
3529414559
5829272499
6487575105
2159642527
1530932951
4759370451
6465866872
1497891460
6351079763
3267908050
2155019904
1499528705
1663792472
2019128118
1585561848
256234807
2951862650
1248796458
5690516901
6378702091
1600248309
1646713711
2263026222
4529467229
2250434936
906137312
319172752
2047239511
6427174159
1529642534
5752030852
1553242454
4208577
550512170
1706778959
4050667537
1912668074
3150953312
2023688437
6182252267
6258345107
5886955916
6294314815
3598470889
6430860082
2199241072
3808060346
4520947155
5653769661
2462451246
4059199071
2026920126
286717999
6430826091
6175638081
6371990860
2104875687
4090071845
2056355294
2349253354
3666982258
3982505651
1641017338
1295133915
1917217384
3093525427
6319052756
2872603512
2261799876
6030201055
3918233478
1530556221
6274055255
4735808131
4206932192
2068216438
1324001827
461222383
5661718706
1995804832
1558290121
2153268845
424604748
6373063889
1367737218
6325794103
1720692644
3963751092
4209481784
2935909402
1770021181
3446166143
6206157753
184460447
4018811419
6352152822
2237899788
280765648
3242463240
1626999537
4733065642
5529838315
5345570003
6103842136
4237914475
2122159659
2200298637
2309804093
5582652920
1956320799
3525969028
1679851920
2355614689
1557522660
3956791445
4712014062
6440049380
2136502109
1582232686
5559928064
6224244543
4880484332
5689654216
1320057270
4538800893
47606053
47314287
2920716938
2072743805
2305487190
3463710748
3984874574
4046350881
2293371639
2001820848
5477912664
312501686
3703143345
6008779405
1551466271
5552769467
4010377321
5677012372
4664006131
1754393413
3280881452
4106762993
5444980689
243986707
2948243708
4112838745
3889547228
4061226021
5930800243
6487118177
1963884281
4020340165
5521984370
2351622282
4753298806
3197880243
1310980057
2207766111
1664615633
4015108635
5753390011
6190565518
1387918525
2989073976
3408698391
4863745476
6056348131
3444866462
5861650231
6008826436
1915377242
4252271498
5134812209
5384211902
4909504493
6232517590
5331399141
2554844363
2636055803
1642715148
6153239707
2258862799
678270409
2160267703
2759905682
5845593436
6300314395
6420923449
5747530745
288715132
2330047730
998651825
1790506082
5672803886
1539885065
6416841736
4606052719
3884762313
5890104343
6488022558
1294521363
1992340058
3068811100
611570938
3426051097
6224163760
5800855402
5546526520
4239547643
5886358394
1508959952
3644866607
3643386684
3058616517
4066915528
6440862591
4013986383
4243856889
5818297785
3624647953
5659236468
5831355720
5600528878
1332490631
2096817070
6293165034
4291335766
4197041198
3048986532
3032693080
4171601457
6412171528
6409240081
6493393212
4802626256
1290397147
3921408137
3955688188
5784703673
4198763202
3007135636
3912943146
1968359752
3936861198
4094702914
6113077758
6231290499
1537338728
2284418833
3039169270
582592924
5949484749
5347306783
420431020
2217529248
3012891127
5004298409
5737576025
4787520675
4133801541
4084299606
491858185
4147349883
6257590248
4260345361
1294393647
1507986722
2276504732
4687456862
6322593875
3983794171
6429416977
3983920079
1418271601
1998296284
2978129840
2171013886
1539259905
5779503321
3691468373
4212728677
342734682
1717279336
304074573
4291680531
2930574064
4657772373
1423358269
3311502132
3590569301
4073189368
313848117
6030333102
4784394445
4567179946
6429023684
2045287941
4729472505
2237162169
1222316148
6230144668
6348093330
5384642287
1917424534
3152706572
1768986530
2189517774
4205513610
4126132231
5999511048
1934443029
4295349233
6476136703
793214150
5461216679
1935280343
6122247033
1588702232
6342738326
2265325220
6462274202
1700838085
6095728166
3558919271
3019851893
1464615719
1817135639
4932858799
1594348477
1911462806
5946623547
6478980150
4031591867
2078531820
497087037
5661583972
4983953998
5525252084
6488054299
6018184266
6289217901
3612345161
4357564978
3461760113
3253554945
6057435080
1637952832
6470104971
2803797300
3047422047
28141824
1415693728
2125738535
2910755165
3406998454
5450053211
3627745450
6213880965
3043331062
2019021307
6443748945
3605224222
6493784238
2048525076
2852609268
289197465
3967976425
633306973
2292367286
1225213780
5621014158
4055289336
4225709953
506157956
2032887257
444378113
1433045676
1487443484
1706437880
774069698
4852167185
6165436199
4323828246
1313464107
2573779729
5991621061
6430116832
1416372430
4185119191
5975330419
4400086050
5470740416
3588072262
4712514257
575462995
4422031970
4544451144
5628353118
2527181344
838299871
598079657
5732504732
390194245
2059303437
3965435435
6333961744
1710003848
450886991
1069941242
5384733259
6492793383
3257308909
1332507717
6264708975
3980512691
740867290
2362086496
2274767423
1942404591
5669982019
5360270914
3890243057
3295351926
948643604
4328253608
6260616663
1914629279
332576490
6389254738
2318638342
3920774717
1427618569
3729805152
2983041706
2264214748
4756664507
6194514669
6115182958
4113781665
5959706962
6248348117
523331693
1360778242
3162457136
1810160437
3692881391
5545882333
335055484
6149852529
1521106663
6030569425
5013910117
1347037882
6477976856
6228967408
253045107
2047619149
1226447529
6436213449
3043173308
6325343017
4028965960
5999618345
1479661138
5968898805
5744299718
1080792037
5797650647
5721941168
4800830724
1484704515
3250808282
6205603498
6447752762
1826753655
3104031698
6126453335
5390836159
6272164758
2552627665
2227522270
3679794062
4788192741
2115008050
1393157085
1053081297
5603345134
1948088244
1769162691
4943452718
5499714829
5493479146
5932285644
1448657082
1808622913
1560629843
3100156896
1562251648
5619107779
6337610729
4674778396
239246246
2267465833
304759460
833976295
483302746
4021458457
6091073030
4324107381
1467741088
6235437329
1069588091
3675500892
4565628673
5866170103
2013021101
2084712679
1716401297
4816600317
5461364393
4122923744
5554821955
5411363706
1104646574
6016000043
6014887482
1669043712
3031776762
5637636695
2239711358
1508215537
5864562537
363048195
4459001625
1496148089
1595256427
4996112014
1272216191
3547276946
2927984283
1834124093
1519086434
6508636478
569100640
1701912300
6502585709
3560893605
2199014101
6304601691
1285104710
5833910101
518895575
1162436565
4152217913
1307073173
1570038866
1400437917
6451249934
4236682630
2010484725
4508204250
6097733758
2580143596
3254220613
4427741712
2234003840
3307205242
1580382461
6143215734
3801153107
4158125035
4783409768
1781517215
5891105572
3471987913
2280390958
6230134523
1330727190
6139465050
3953354163
2810850443
1472827551
3322598625
4953737798
4938847646
2937521156
6373343950
2004295312
3086765935
883890976
3608732162
1746117777
5492965745
4166078728
5316054596
5747421816
2024214091
4246173165
6272572314
1295975809
1579505200
4723723237
4575266265
28554305
2123952237
5559309206
1648369671
2225360361
2975599193
6225532811
2255816903
4542209306
5954932322
5902737149
1710956041
1557155056
494550450
4933757378
6068359487
1364540338
1623983478
2199269977
3113890454
3018821009
4050539758
4331300093
5875199779
4536078691
5641255197
5496115080
3512386508
4185163757
6065460379
306170146
188361838
194677349
2214033006
6306219370
4101438940
1539594056
1231055339
5082117775
289999461
2481431387
3316796468
1578615192
1833517250
2998700976
5693853203
6499718017
5709322928
6512500771
4770472326
4582652466
3049710288
3906434105
4830765319
1723772386
6298316383
1567974714
1987201868
6113566521
5706062047
3037923362
1160478388
4058561894
4156553670
4686359219
5824016296
5377811631
2926484168
942873517
4924401098
3055178245
1923740149
6197985532
2929967991
1925785866
4557916865
6310326950
476738561
2005623702
5569080672
3281344455
2901918708
2157934484
1957489470
1947269066
4354641340
5527529207
2296356260
4962085787
5877951412
3216263729
2928423269
2058117534
2074207716
2244634328
4158427340
1950719926
1536715126
3758979613
2009704841
3955471415
3209632724
5468193625
5820477517
2059461629
339234535
3711346877
2968905486
252637444
4787080833
2867768787
3183645531
4524698197
325858181
2133042899
1723927192
