4936729113
1246105132
3440202149
4199232766
15134393
324439989
1559480030
572488258
605119268
1702422674
2996651437
497790468
39217738
3019481642
1371124815
1698276323
1698276323
605119268
48282380
316514229
44077890
1938420400
1938420400
430224844
255460370
4199232766
15134393
324439989
1559480030
572488258
605119268
1702422674
2996651437
497790468
39217738
3019481642
1371124815
1698276323
1698276323
605119268
48282380
316514229
44077890
1938420400
1938420400
430224844
255460370
4199232766
15134393
324439989
1559480030
572488258
605119268
2996651437
497790468
39217738
3019481642
1371124815
1698276323
1698276323
605119268
316514229
44077890
1938420400
1938420400
430224844
255460370
