5636122919
5478335767
3682396530
4485858774
4271147453
2905882071
6352713324
6312598833
5385153588
6501133823
6435999522
4135370018
3925849936
3598820926
416711874
328278460
2313689006
4488910644
1653814179
4504104715
2082645797
3662513595
3943393010
3565655264
1904948189
3629092709
3969940241
2534280877
6443426330
5598119945
3404791267
549920715
2338737862
2570112793
3297005858
5652185208
6225532811
1526937670
3805713647
6463082388
5326631102
619624696
6226382912
4678772519
3262847782
4935017408
1980182442
4219339209
6415163820
3940957021
6214965123
3252914725
6374524795
5594067324
337760283
229450304
4809494028
5457720266
4313402669
2483339597
686611426
5553540480
5525230230
2659419
4078451226
32158020
5347091257
1589463630
294318517
27715151
1457615363
1548112261
1602772502
40610028
388901973
2049111352
243255528
1406217278
1917429437
999764830
248598971
918501
13198069
1382935888
362495147
11965410
1138435822
3577782360
1307682794
243993200
1915116126
1816966250
886214941
17223738
572898708
5941769
3508750951
3217982859
36886449
2354048205
447608711
569651546
492577841
2014301099
1776787820
345281620
22051649
400846811
389713786
1157468408
2014135251
2015803326
6283823
55693337
244697569
1539278294
295280285
1022385701
455126433
1678894976
2248857975
196265235
344944013
286153709
189976408
11275229
18732317
924849076
1451508940
13092197
218742332
387557820
1163127526
13434919
242994259
292880739
13013852
1089539443
19208698
921687
366385848
370971227
247610591
275896132
28809682
314635364
51477956
731497047
1527286569
1399462197
177058146
235159022
292846427
861106099
1411960143
833912432
248680302
1747274284
1731023786
180615564
