3434117898
6199794800
6115887058
5937452577
3211124095
6362584355
6476257427
4793607034
1607128359
6218876357
408046718
5637161912
5885910815
5745689906
419351983
3019693787
2244605983
5791552618
4822324364
6352140971
5551564293
3520122018
2932274122
303656646
2315205382
6064826020
5930678081
5429037353
1467598009
4044731359
3661055349
6422036116
4781790048
1823228672
3476114570
1766538873
6352231095
4657513736
1433701098
1399110559
3624351199
4876280038
5370819692
3132483506
6346234269
2035800610
1957161290
4050750736
2127620656
6453300264
6204995078
6333485994
5742781397
6342141874
4318213024
2261922300
188010156
6092450252
5977974910
2984847172
6101186815
