1568300839
6293780689
1414910119
1593500680
1598516952
2125414997
1918192259
1723999951
2040249768
1955349182
2081312709
2045012337
1491851870
1900457116
2045329288
1747206174
1946069654
1649664383
1622604520
2059888521
2119465126
1916513773
1231369536
2073862780
1536955197
1379067459
2129235953
1619044530
639772860
1774513374
1685406442
1800244319
1499946744
2050634086
1702789101
2138675604
1974819128
1999640827
2085012016
1517273106
2006126134
2121867586
1790854272
1524821933
834123717
1743901026
2020589964
1593500680
1619044530
1900046923
1714155584
1435852929
1788183111
2117089260
1905357673
1422980012
1501181786
2094271903
1668623004
1538804523
631401611
1826400688
1332876379
2114615725
1345721970
1960934653
1423243005
1775074699
456843712
1935450598
1594722573
1743833522
1762218200
937174231
1630261689
1910059666
1931479186
1827310930
1600401276
1414910119
1924612961
2091351586
1527338539
2050015598
1816300926
1776553877
624270100
1602987646
2123656282
1137562205
1540384532
2064567708
1604057658
1379571380
1597109852
1798576732
194439187
1653426661
2058603714
1423277799
734060355
1202328979
1777984248
2004560022
1767473967
1548668283
1526212712
1305203033
1830622601
1362799505
1823483972
1836019323
1574121034
1720162432
1697927649
1603996335
1766538873
1796669435
1940597532
1578904273
1649508846
1272031342
1308024844
2067426919
1593203538
1166414875
1593508601
1596663287
1738208835
1561164451
1224988155
828502431
1974278127
1309422486
1422273903
1774733323
1998253625
1245663281
1820602019
1569057882
2099801097
1679559505
1826597314
1685775835
1749977709
1978038045
1757962749
1495235180
2085741294
1594332566
1529108252
1670713915
2070400033
1520864520
1738634159
2128950048
2013409375
1980145012
1496008747
646839852
2006565620
2074114630
2019748575
1800194644
2010024241
1755253794
1694379515
1508795263
1651226025
1807443232
1741508514
1739327709
1696911152
1935275971
1417820252
421849690
1640622713
1779530658
1415419381
1560723457
1611874772
2023732478
1638527486
1900951153
1914042985
1530562514
1770747871
1659054800
2062081991
1566260351
1749552101
1070221368
1902801544
1594042408
1465322462
1580248566
1419124316
1967737328
1986600962
2081728320
2100588124
1605402390
1585788831
1645532771
1451522829
1598853764
1944521258
1946151226
1618394798
1651026790
654692247
1579021008
2036215125
2129676711
1155668970
1971760234
2027318072
1981334207
1419211647
1553872375
1650332
1509946873
2087391429
1812452219
1776402515
2112936068
2090441880
2085329629
2120518990
213180936
2107401865
2136123795
1422138313
1682482868
1956934325
1429989242
1734726106
1557687920
2139810100
2028216645
482679440
1957004739
1699436364
2118069978
2051414251
1681123326
1916192368
1721071474
2095026061
2090071930
2109201757
1626312240
1338159963
2018541436
1748233477
1533611631
2036074952
1949632476
1710075153
1735994748
1925424187
1631990345
1816400136
2123375841
1932613347
2046426782
1637975896
2028201169
1516646601
1908070596
1547573170
1834736795
1722355730
2116495491
2074526532
2126208004
1641478076
1702718944
321569179
2015407250
1619484320
2026573774
2038192942
1544759037
2105354483
1728830604
1410659470
272178573
2108151520
422753722
1760371427
1453490458
603953430
1652721211
2026110395
1911821465
2003029100
2077378707
1699518412
1462775908
988473808
1504608650
2108527600
677749394
1709054419
502010372
2130857319
2065791475
1715834296
309696420
1678682842
1789112281
330901408
1909018869
1757630828
1750699570
1593397304
2066535188
2113369911
2103740838
1802382896
1976983597
2130191722
1825141264
2013381000
2113810567
1793197490
1719996913
1933007884
2120071142
2009700515
1964095091
2024448287
2053829540
1419726304
1565899503
1720034736
1570290077
2037709955
2112548808
2025807298
1932879132
2134841811
1405438760
2110225693
2052902851
1448156624
1922007132
1734309127
1736834128
1944605536
2126950196
1971386277
2049009455
1481274066
2035265394
1719070269
1389182602
1205635973
1734843381
1918214695
2033842171
1901324209
1992099910
2322342025
1664193368
2339174859
2323699654
2323699654
1785695958
1785695958
2311912897
2311912897
1434649743
1434649743
1725829825
1725829825
2464345969
2464345969
2257561847
2257561847
2358667302
2358667302
2524455205
2524455205
1683798275
1683798275
47338789
47338789
2130775054
2130775054
2158049928
2158049928
2462086754
2462086754
2327159680
2327159680
2045087638
2045087638
2214372908
2214372908
2352910095
2352910095
2313586369
2313586369
2153359881
2153359881
1926677409
1926677409
1900103136
1900103136
2271281285
2271281285
2897936682
2897936682
2202568344
2202568344
2895992925
2895992925
2217912570
2217912570
2002637744
2002637744
2928084584
2928084584
2940812347
2940812347
217183422
217183422
2542776515
2542776515
2226914996
2226914996
2309708271
2309708271
2625821465
2625821465
2309514040
2309514040
2962706854
2962706854
2866396323
2866396323
2936099001
2936099001
2892923593
2892923593
2950656907
2950656907
1909422186
1909422186
2866254168
2866254168
2860588009
2860588009
1981226695
1981226695
3070242212
3070242212
2963904954
2963904954
3095415248
3095415248
1658260012
1658260012
1725594728
1725594728
2922817012
2922817012
3081575188
3081575188
1966116477
1966116477
3134434436
3134434436
1793812796
1793812796
3160087937
3160087937
1932413461
1932413461
3158723179
3158723179
3132051270
3132051270
3168633673
3168633673
1815124536
1815124536
2761890956
2761890956
3123522859
3123522859
1998876096
1998876096
2321659721
2321659721
3138381446
3138381446
3216073787
3216073787
3105477002
3105477002
2026426398
2026426398
3179634376
3179634376
3205187107
3205187107
2090627965
2090627965
2514125580
2514125580
3196474914
3196474914
2215116620
2215116620
1633583277
1633583277
2280219537
2280219537
3213822853
3213822853
3001024318
3001024318
1947515343
1947515343
2044117863
2044117863
3260129738
3260129738
2265218837
2265218837
3030396469
3030396469
2257166027
2257166027
2125913018
2125913018
2111495677
2111495677
3067987070
1984317237
3067987070
3061366535
1984317237
3280136210
3061366535
2541429677
3280136210
3094537324
2541429677
2088643917
3094537324
2966688481
2088643917
3304960006
2966688481
2201155992
3304960006
3190455091
2201155992
3494921703
3190455091
2207802800
3494921703
2207802800
2230048075
3528579043
2230048075
3417808903
3528579043
3435474178
3417808903
3118145750
3435474178
3530996806
3319885376
1479806847
3572261623
3428755124
3276536169
3596822329
3600590421
2030959474
3429321690
1698164278
3402730690
3468619448
3030042176
3662009880
3652141451
1295128060
3680028423
3322054171
3307988374
3809843018
3676085284
3242648559
3676837772
1601422275
3425457651
3806617274
3693007346
3871374692
3928368939
673315937
3695145811
3142133285
1648800681
2095422239
3052865399
3483809597
3404749470
2338969368
2063472914
3941173562
2267004314
1704633623
3912571103
2930141976
3992412805
3952749935
1707505668
2381165594
3145931275
3438217149
2050920810
3134883776
3987300426
4051989337
2366156800
3944568102
3745707318
2220377177
4052603251
3267789460
4102760002
3960869327
4060788861
3553355975
4160456568
2900865004
4100582527
1606872573
1967517590
2520485259
3648321532
2246526797
3803549736
3004100449
4013622997
4068048585
3560677869
2197510514
4178193430
4223012001
2530411562
3428344451
3870882794
3213691414
1613566762
3590918847
4266422562
3094679753
1054112131
2120421119
4278893766
3643077574
1538781841
4396578102
3460576932
4197833690
2235870204
4261973637
2298363566
4193855470
1430763706
3914088775
3654569180
3971237296
4454914657
3148718798
4185111230
3082964100
3926033807
4343360844
4480364774
4167834767
4519564827
4520065222
4545364578
2227556983
4198801624
2125074388
2125074388
1332874322
1332874322
418856937
418856937
326115536
326115536
2024089568
2024089568
1696604606
1696604606
1424136899
1424136899
2008319594
2008319594
226010838
226010838
1664520135
1664520135
1627859234
1627859234
1765105887
1765105887
273354236
273354236
783455252
783455252
2234059644
2234059644
1519429730
1519429730
2242469126
2242469126
2226804736
2226804736
2242830783
2242830783
338771748
338771748
249046040
249046040
450850512
450850512
2071745737
2071745737
1807370665
1807370665
1680452055
1680452055
2207455613
2207455613
2241490232
2241490232
1951178198
1951178198
967146474
1502761803
649189848
2242524461
1914541112
1951751321
1555046378
1415440544
1525944975
270239738
1272121305
2241898224
2005727504
104824299
2178515955
2245171029
709579162
199766471
382928271
2230510135
1442385562
969855043
185220882
1397500797
1740653500
2217691043
2098817492
1721537330
2202886132
2246499421
564223205
1750839995
1424925430
1515046903
1480084362
2233906922
2071720146
746485579
1906655166
1632426994
1922759085
1398492726
2242675857
635647205
587870889
353770340
1495264298
616946942
2240186124
1756267396
2228224645
679983957
329589675
2226040842
1798423274
1833200827
471105200
1278775340
2199787476
1613471445
1385286339
2247764714
507968281
1448577179
1638479992
2075273219
1635322223
1371404465
282580916
279867634
1112718264
589563482
1650284943
530851856
2225803274
1563869107
242680005
1504020072
223325668
1534202219
1101292907
1949263910
2246679435
619793274
2000379855
795927641
1268873190
468547674
2246124902
1712912586
2109084001
1929163170
574800159
2223828717
2215437813
1996597286
649094242
2224280950
1437542067
2247113968
2242436700
1647084668
657777043
1661748338
2249294316
2239993787
1762411927
1614630974
2249508954
2220544048
1540523164
649059711
271286039
145498217
2249798215
2250030334
2124402104
1801282051
1755245657
471164773
2238831258
1431630772
2238145838
2166098104
1838351097
2217623029
706416451
2215452463
1158437042
1973847337
1471179738
1509859688
2249748071
2234884004
2198314841
2251601765
1454672380
210716046
2220146150
2205714704
1788512069
1928762812
1804012486
1493688205
1334970007
2186981953
1901443308
275128197
2235047715
1985151542
2237495621
1598661764
2221374021
637467576
1783072496
2252798775
2246239102
2210789540
2252540560
2248345548
1733267921
2161268888
2102696573
2155505826
442017881
1466881502
2237220959
1118068898
1234588703
1978802125
2161031028
254435455
2253490648
2236945312
2246313253
2078368337
1469047463
2218617275
1990422964
2201436850
1520879430
236168580
2243625777
1451706164
1105793631
2253951734
2210195497
708258732
2186927815
483097777
2062023501
1601726863
2046671515
2212603922
1505590321
2248656998
1511990380
1930518666
2247172158
104870412
2217642424
2160257295
2225355185
1931565892
1159757449
2225424028
2211722334
546238219
1529159183
2254974301
1965934285
2221970740
279896723
2255093563
1288422145
2223049958
529257214
